BN	TN	SubNum	hand	isTrain	isChanged	symbol	cue	isMasked	digitChangePos	digitChangeValue	precueTime	windowSize	press1	press2	press3	press4	press5	press6	press7	RT	ET	MT	isError	timingError	points	response1	response2	response3	response4	response5	response6	response7	handPressed1	handPressed2	handPressed3	handPressed4	handPressed5	handPressed6	handPressed7	pressTime1	pressTime2	pressTime3	pressTime4	pressTime5	pressTime6	pressTime7	timeThreshold	timeThresholdSuper	startTime	startTimeReal	trialDur	startTR	startTRtime	useMetronome	isCross	crossTime
37	1	2	2	1	0	$	3241513	1	-1	0	761	1	3	2	4	1	5	1	3	830	4640	3810	0	0	1	3	2	4	1	5	1	3	2	2	2	2	2	2	2	1595	1815	3215	3755	4225	4890	5070	3500	2940	0	-1	8620	-1	-1	0	0	0
37	2	2	2	1	0	$	3241513	1	-1	0	869	2	3	2	4	1	5	1	3	665	2865	2200	0	0	3	3	2	4	1	5	1	3	2	2	2	2	2	2	2	1535	1735	2230	2615	2965	3270	3460	3500	2940	0	-1	6950	-1	-1	0	0	0
37	3	2	2	1	0	#	3254124	1	-1	0	965	3	3	2	5	4	1	2	4	1045	3165	2120	0	0	2	3	2	5	4	1	2	4	2	2	2	2	2	2	2	2010	2265	2795	3030	3530	3660	3870	3500	2940	0	-1	7345	-1	-1	0	0	0
37	4	2	2	1	0	#	3254124	0	-1	0	841	1	3	2	5	4	1	2	4	830	2650	1820	0	0	3	3	2	5	4	1	2	4	2	2	2	2	2	2	2	1675	1900	2240	2480	2830	2975	3225	3500	2940	0	-1	6710	-1	-1	0	0	0
37	5	2	2	1	0	#	3254124	1	-1	0	710	2	3	2	5	4	1	2	4	490	2045	1555	0	0	3	3	2	5	4	1	2	4	2	2	2	2	2	2	2	1200	1395	1690	1850	2155	2300	2505	3500	2940	0	-1	5970	-1	-1	0	0	0
37	6	2	2	1	0	#	3254124	0	-1	0	769	7	3	2	5	4	1	2	4	545	2060	1515	0	0	3	3	2	5	4	1	2	4	2	2	2	2	2	2	2	1315	1505	1765	1940	2220	2365	2540	3500	2940	0	-1	6045	-1	-1	0	0	0
37	7	2	2	0	0	%	2425231	0	-1	0	842	7	2	4	2	5	2	3	1	1550	4505	2955	0	0	1	2	4	2	5	2	3	1	2	2	2	2	2	2	2	2395	3170	3525	3860	4270	4740	5080	3500	2940	0	-1	8565	-1	-1	0	0	0
37	8	2	2	0	0	%	5452132	0	-1	0	941	3	5	4	5	2	1	3	2	1075	4250	3175	1	0	0	5	4	5	4	1	3	2	2	2	2	2	2	2	2	2020	2295	2665	2780	3950	4655	4980	3500	2940	0	-1	8410	-1	-1	0	0	0
37	9	2	2	0	0	%	3141352	0	-1	0	823	2	3	1	4	1	3	5	2	1455	4205	2750	0	0	1	3	1	4	1	3	5	2	2	2	2	2	2	2	2	2280	2670	3105	3550	3965	4350	4815	3500	2940	0	-1	8245	-1	-1	0	0	0
37	10	2	2	1	0	$	3241513	1	-1	0	822	7	3	2	4	1	5	1	3	540	2105	1565	1	0	0	3	2	4	1	5	1	2	2	2	2	2	2	2	2	1365	1580	1850	2110	2365	2575	2780	3500	2940	0	-1	6145	-1	-1	0	0	0
37	11	2	2	1	0	#	3254124	1	-1	0	735	1	3	2	5	4	1	2	4	795	4595	3800	1	0	0	3	2	4	3	1	2	3	2	2	2	2	2	2	2	1530	1775	2070	2255	3255	3425	5020	3500	2940	0	-1	8545	-1	-1	0	0	0
37	12	2	2	0	0	%	4243515	0	-1	0	738	1	4	2	4	3	5	1	5	1005	5210	4205	0	0	1	4	2	4	3	5	1	5	2	2	2	2	2	2	2	1745	2470	3130	3785	4405	4985	5715	3500	2940	0	-1	9165	-1	-1	0	0	0
37	13	2	2	0	0	%	4523531	0	-1	0	847	1	4	5	2	3	5	3	1	865	4700	3835	0	0	1	4	5	2	3	5	3	1	2	2	2	2	2	2	2	1715	2255	2870	3535	4135	4800	5340	3500	2940	0	-1	8765	-1	-1	0	0	0
37	14	2	2	0	0	%	5124523	0	-1	0	783	2	5	1	2	4	5	2	3	1170	4075	2905	0	0	1	5	1	2	4	5	2	3	2	2	2	2	2	2	2	1955	2425	2870	3390	3865	4285	4665	3500	2940	0	-1	8075	-1	-1	0	0	0
37	15	2	2	1	0	#	3254124	0	-1	0	619	3	3	2	5	4	1	2	4	910	2960	2050	0	0	2	3	2	5	4	1	2	4	2	2	2	2	2	2	2	1530	1800	2125	2380	2760	3045	3370	3500	2940	0	-1	6795	-1	-1	0	0	0
37	16	2	2	1	0	$	3241513	0	-1	0	775	1	3	2	4	1	5	1	3	680	4940	4260	0	0	1	3	2	4	1	5	1	3	2	2	2	2	2	2	2	1455	1820	3210	3905	4470	5120	5530	3500	2940	0	-1	8930	-1	-1	0	0	0
37	17	2	2	0	0	%	3524125	0	-1	0	771	3	3	5	2	4	1	2	5	1190	4085	2895	0	0	1	3	5	2	4	1	2	5	2	2	2	2	2	2	2	1965	2385	2810	3365	3945	4300	4635	3500	2940	0	-1	8075	-1	-1	0	0	0
37	18	2	2	0	0	%	2134151	0	-1	0	726	7	2	1	3	4	1	5	1	1385	5535	4150	0	0	1	2	1	3	4	1	5	1	2	2	2	2	2	2	2	2115	2590	3240	4540	5080	5515	5980	3500	2940	0	-1	9480	-1	-1	0	0	0
37	19	2	2	1	0	$	3241513	0	-1	0	901	7	3	2	4	1	5	1	3	810	2770	1960	0	0	3	3	2	4	1	5	1	3	2	2	2	2	2	2	2	1715	1980	2375	2670	2990	3260	3470	3500	2940	0	-1	6890	-1	-1	0	0	0
37	20	2	2	1	0	#	3254124	0	-1	0	879	2	3	2	5	4	1	2	4	770	3090	2320	0	0	2	3	2	5	4	1	2	4	2	2	2	2	2	2	2	1650	1905	2795	3035	3320	3495	3715	3500	2940	0	-1	7185	-1	-1	0	0	0
37	21	2	2	1	0	$	3241513	0	-1	0	793	3	3	2	4	1	5	1	3	735	2835	2100	0	0	3	3	2	4	1	5	1	3	2	2	2	2	2	2	2	1530	1775	2355	2700	2945	3185	3380	3500	2940	0	-1	6845	-1	-1	0	0	0
37	22	2	2	1	0	#	3254124	1	-1	0	688	7	3	2	5	4	1	2	4	480	1945	1465	0	0	3	3	2	5	4	1	2	4	2	2	2	2	2	2	2	1170	1370	1640	1800	2080	2225	2405	3500	2940	0	-1	5850	-1	-1	0	0	0
37	23	2	2	1	0	$	3241513	0	-1	0	836	2	3	2	4	1	5	1	3	495	1970	1475	0	0	3	3	2	4	1	5	1	3	2	2	2	2	2	2	2	1335	1540	1790	2025	2255	2450	2585	3500	2940	0	-1	6025	-1	-1	0	0	0
37	24	2	2	1	0	$	3241513	1	-1	0	881	3	3	2	4	1	5	1	3	385	2125	1740	0	0	3	3	2	4	1	5	1	3	2	2	2	2	2	2	2	1270	1475	1755	2025	2330	2565	2745	3500	2940	0	-1	6225	-1	-1	0	0	0
38	1	2	2	0	0	%	5412434	0	-1	0	634	7	5	4	1	2	4	3	4	985	3450	2465	0	0	1	5	4	1	2	4	3	4	2	2	2	2	2	2	2	1620	1855	2205	2755	3255	3605	3860	3244.5	3028.2	0	-1	7300	-1	-1	0	0	0
38	2	2	2	1	0	$	3241513	0	-1	0	841	3	3	2	4	1	5	1	3	1305	3695	2390	0	0	1	3	2	4	1	5	1	3	2	2	2	2	2	2	2	2150	2425	2745	3075	3360	4010	4300	3244.5	3028.2	0	-1	7755	-1	-1	0	0	0
38	3	2	2	1	0	#	3254124	1	-1	0	966	3	3	2	5	4	1	2	4	875	2770	1895	0	0	3	3	2	5	4	1	2	4	2	2	2	2	2	2	2	1845	2145	2700	2895	3205	3355	3510	3244.5	3028.2	0	-1	6955	-1	-1	0	0	0
38	4	2	2	1	0	#	3254124	0	-1	0	764	7	3	2	5	4	1	2	4	710	2345	1635	0	0	3	3	2	5	4	1	2	4	2	2	2	2	2	2	2	1475	1720	2005	2115	2500	2675	2875	3244.5	3028.2	0	-1	6325	-1	-1	0	0	0
38	5	2	2	1	0	#	3254124	0	-1	0	678	1	3	2	5	4	1	2	4	675	2905	2230	0	0	3	3	2	5	4	1	2	4	2	2	2	2	2	2	2	1355	1635	2050	2325	2700	3070	3390	3244.5	3028.2	0	-1	6800	-1	-1	0	0	0
38	6	2	2	0	0	%	4513242	0	-1	0	722	2	4	5	1	3	2	4	2	1400	3690	2290	0	0	1	4	5	1	3	2	4	2	2	2	2	2	2	2	2	2125	2430	2840	3155	3525	3880	4225	3244.5	3028.2	0	-1	7630	-1	-1	0	0	0
38	7	2	2	1	0	#	3254124	0	-1	0	678	1	3	2	5	4	1	2	4	670	3060	2390	0	0	2	3	2	5	4	1	2	4	2	2	2	2	2	2	2	1350	1640	2095	2450	2835	3190	3555	3244.5	3028.2	0	-1	6955	-1	-1	0	0	0
38	8	2	2	1	0	#	3254124	0	-1	0	764	7	3	2	5	4	1	2	4	845	2290	1445	0	0	3	3	2	5	4	1	2	4	2	2	2	2	2	2	2	1610	1830	2085	2225	2530	2675	2865	3244.5	3028.2	0	-1	6270	-1	-1	0	0	0
38	9	2	2	0	0	%	3141525	0	-1	0	650	2	3	1	4	1	5	2	5	1045	4485	3440	0	0	1	3	1	4	1	5	2	5	2	2	2	2	2	2	2	1695	2065	2340	3460	3860	4315	4855	3244.5	3028.2	0	-1	8350	-1	-1	0	0	0
38	10	2	2	0	0	%	5153254	0	-1	0	742	1	5	1	5	3	2	5	4	570	4290	3720	0	0	1	5	1	5	3	2	5	4	2	2	2	2	2	2	2	1315	1855	2345	3055	3555	4125	4840	3244.5	3028.2	0	-1	8250	-1	-1	0	0	0
38	11	2	2	1	1	#	3254124	0	2	1	969	3	3	2	1	4	1	2	4	750	3760	3010	0	0	1	3	2	1	4	1	2	4	2	2	2	2	2	2	2	1720	1980	2395	3045	4100	4225	4440	3244.5	3028.2	0	-1	7945	-1	-1	0	0	0
38	12	2	2	1	0	$	3241513	1	-1	0	751	7	3	2	4	1	5	1	3	1535	3180	1645	0	0	2	3	2	4	1	5	1	3	2	2	2	2	2	2	2	2290	2525	2825	3115	3345	3570	3720	3244.5	3028.2	0	-1	7150	-1	-1	0	0	0
38	13	2	2	0	0	%	3251343	0	-1	0	744	3	3	2	5	1	3	4	3	1170	3915	2745	0	0	1	3	2	5	1	3	4	3	2	2	2	2	2	2	2	1915	2150	2445	2765	3790	4130	4415	3244.5	3028.2	0	-1	7875	-1	-1	0	0	0
38	14	2	2	1	0	#	3254124	0	-1	0	678	1	3	2	5	4	1	2	4	735	3950	3215	0	0	1	3	2	5	4	1	2	4	2	2	2	2	2	2	2	1415	1680	2735	3355	3755	4070	4425	3244.5	3028.2	0	-1	7845	-1	-1	0	0	0
38	15	2	2	0	0	%	3141525	0	-1	0	650	2	3	1	4	1	5	2	5	1170	3945	2775	0	0	1	3	1	4	1	5	2	5	2	2	2	2	2	2	2	1820	2135	2460	2760	3110	3515	4360	3244.5	3028.2	0	-1	7810	-1	-1	0	0	0
38	16	2	2	0	0	%	4531521	0	-1	0	639	3	4	5	3	1	5	2	1	1095	3800	2705	0	0	1	4	5	3	1	5	2	1	2	2	2	2	2	2	2	1735	1980	2560	3025	3350	3800	4175	3244.5	3028.2	0	-1	7655	-1	-1	0	0	0
38	17	2	2	1	1	$	3241513	0	3	2	763	3	3	2	4	2	5	1	3	750	4310	3560	0	0	1	3	2	4	2	5	1	3	2	2	2	2	2	2	2	1515	1780	2080	3050	3370	4370	4855	3244.5	3028.2	0	-1	8290	-1	-1	0	0	0
38	18	2	2	1	0	$	3241513	0	-1	0	849	7	3	2	4	1	5	1	3	895	2665	1770	0	0	3	3	2	4	1	5	1	3	2	2	2	2	2	2	2	1745	1985	2290	2535	2830	3100	3270	3244.5	3028.2	0	-1	6730	-1	-1	0	0	0
38	19	2	2	1	0	$	3241513	0	-1	0	841	3	3	2	4	1	5	1	3	720	2260	1540	0	0	3	3	2	4	1	5	1	3	2	2	2	2	2	2	2	1565	1795	2050	2320	2545	2755	2885	3244.5	3028.2	0	-1	6320	-1	-1	0	0	0
38	20	2	2	1	0	$	3241513	0	-1	0	849	7	3	2	4	1	5	1	3	735	2165	1430	0	0	3	3	2	4	1	5	1	3	2	2	2	2	2	2	2	1585	1800	2040	2280	2490	2680	2810	3244.5	3028.2	0	-1	6230	-1	-1	0	0	0
38	21	2	2	1	0	#	3254124	1	-1	0	781	1	3	2	5	4	1	2	4	935	2705	1770	0	0	3	3	2	5	4	1	2	4	2	2	2	2	2	2	2	1720	1995	2375	2580	2865	3035	3245	3244.5	3028.2	0	-1	6705	-1	-1	0	0	0
38	22	2	2	1	0	$	3241513	1	-1	0	880	3	3	2	4	1	5	1	3	835	3740	2905	0	0	1	3	2	4	1	5	1	3	2	2	2	2	2	2	2	1715	1995	3480	3725	3975	4235	4395	3244.5	3028.2	0	-1	7835	-1	-1	0	0	0
38	23	2	2	1	0	#	3254124	1	-1	0	996	2	3	2	5	4	1	2	4	875	2485	1610	0	0	3	3	2	5	4	1	2	4	2	2	2	2	2	2	2	1875	2115	2390	2555	2870	3060	3255	3244.5	3028.2	0	-1	6700	-1	-1	0	0	0
38	24	2	2	1	0	#	3254124	0	-1	0	747	2	3	2	5	4	1	2	4	675	2415	1740	0	0	3	3	2	5	4	1	2	4	2	2	2	2	2	2	2	1425	1660	2035	2250	2580	2770	2950	3244.5	3028.2	0	-1	6380	-1	-1	0	0	0
39	1	2	2	0	0	%	5125453	0	-1	0	963	7	5	1	2	5	4	5	3	1135	3470	2335	0	0	1	5	1	2	5	4	5	3	2	2	2	2	2	2	2	2100	2365	2825	3180	3470	3815	4220	3244.5	3028.2	0	-1	7650	-1	-1	0	0	0
39	2	2	2	1	0	$	3241513	1	-1	0	950	2	3	2	4	1	5	1	3	1030	2990	1960	1	0	0	3	2	5	4	1	2	3	2	2	2	2	2	2	2	1980	2235	2485	2585	3400	3540	3705	3244.5	3028.2	0	-1	7155	-1	-1	0	0	0
39	3	2	2	1	0	#	3254124	0	-1	0	769	3	3	2	5	4	1	2	4	640	2570	1930	0	0	3	3	2	5	4	1	2	4	2	2	2	2	2	2	2	1410	1635	1865	2070	2675	2845	3105	3244.5	3028.2	0	-1	6555	-1	-1	0	0	0
39	4	2	2	0	0	%	3141525	0	-1	0	650	2	3	1	4	1	5	2	5	1060	4495	3435	0	0	1	3	1	4	1	5	2	5	2	2	2	2	2	2	2	1710	2085	2570	2940	3210	3985	4880	3244.5	3028.2	0	-1	8360	-1	-1	0	0	0
39	5	2	2	0	0	%	5412434	0	-1	0	634	7	5	4	1	2	4	3	4	805	2885	2080	0	0	3	5	4	1	2	4	3	4	2	2	2	2	2	2	2	1440	1670	1970	2250	2605	2955	3265	3244.5	3028.2	0	-1	6735	-1	-1	0	0	0
39	6	2	2	0	0	%	5125453	0	-1	0	963	7	5	1	2	5	4	5	3	1535	3690	2155	0	0	1	5	1	2	5	4	5	3	2	2	2	2	2	2	2	2500	2800	3070	3385	3650	3970	4405	3244.5	3028.2	0	-1	7870	-1	-1	0	0	0
39	7	2	2	1	0	#	3254124	1	-1	0	966	3	3	2	5	4	1	2	4	2290	4110	1820	0	0	1	3	2	5	4	1	2	4	2	2	2	2	2	2	2	3260	3520	4005	4210	4520	4685	4855	3244.5	3028.2	0	-1	8295	-1	-1	0	0	0
39	8	2	2	0	0	%	4513242	0	-1	0	722	2	4	5	1	3	2	4	2	1160	3540	2380	0	0	1	4	5	1	3	2	4	2	2	2	2	2	2	2	2	1885	2130	2505	2880	3230	3620	4000	3244.5	3028.2	0	-1	7480	-1	-1	0	0	0
39	9	2	2	1	0	$	3241513	0	-1	0	724	1	3	2	4	1	5	1	3	1070	3940	2870	0	0	1	3	2	4	1	5	1	3	2	2	2	2	2	2	2	1795	2015	3055	3525	3895	4220	4450	3244.5	3028.2	0	-1	7880	-1	-1	0	0	0
39	10	2	2	1	0	#	3254124	1	-1	0	966	3	3	2	5	4	1	2	4	625	2025	1400	0	0	3	3	2	5	4	1	2	4	2	2	2	2	2	2	2	1595	1835	2075	2225	2495	2635	2785	3244.5	3028.2	0	-1	6210	-1	-1	0	0	0
39	11	2	2	1	1	$	3241513	0	2	3	879	3	3	2	3	1	5	1	3	770	3950	3180	0	0	1	3	2	3	1	5	1	3	2	2	2	2	2	2	2	1650	1915	2570	3910	4150	4415	4610	3244.5	3028.2	0	-1	8045	-1	-1	0	0	0
39	12	2	2	0	0	%	3251343	0	-1	0	744	3	3	2	5	1	3	4	3	1270	3755	2485	0	0	1	3	2	5	1	3	4	3	2	2	2	2	2	2	2	2015	2285	2540	2855	3690	3990	4270	3244.5	3028.2	0	-1	7715	-1	-1	0	0	0
39	13	2	2	1	1	$	3241513	0	3	3	967	1	3	2	4	3	5	1	3	645	5075	4430	0	0	1	3	2	4	3	5	1	3	2	2	2	2	2	2	2	1615	1860	2755	3825	4460	5305	5860	3244.5	3028.2	0	-1	9260	-1	-1	0	0	0
39	14	2	2	1	0	#	3254124	0	-1	0	769	3	3	2	5	4	1	2	4	750	2390	1640	0	0	3	3	2	5	4	1	2	4	2	2	2	2	2	2	2	1520	1795	2080	2285	2585	2740	2945	3244.5	3028.2	0	-1	6375	-1	-1	0	0	0
39	15	2	2	1	0	$	3241513	0	-1	0	663	2	3	2	4	1	5	1	3	760	2655	1895	0	0	3	3	2	4	1	5	1	3	2	2	2	2	2	2	2	1425	1720	2120	2435	2670	2930	3060	3244.5	3028.2	0	-1	6535	-1	-1	0	0	0
39	16	2	2	1	0	#	3254124	1	-1	0	649	7	3	2	5	4	1	2	4	715	2245	1530	0	0	3	3	2	5	4	1	2	4	2	2	2	2	2	2	2	1365	1595	1890	2040	2315	2475	2680	3244.5	3028.2	0	-1	6110	-1	-1	0	0	0
39	17	2	2	1	1	$	3241513	0	4	4	898	2	3	2	4	1	4	1	3	655	3310	2655	0	0	1	3	2	4	1	4	1	3	2	2	2	2	2	2	2	1555	1765	2075	2380	3405	3705	4015	3244.5	3028.2	0	-1	7425	-1	-1	0	0	0
39	18	2	2	1	0	$	3241513	1	-1	0	956	1	3	2	4	1	5	1	3	815	2275	1460	0	0	3	3	2	4	1	5	1	3	2	2	2	2	2	2	2	1775	1975	2230	2450	2670	2850	3025	3244.5	3028.2	0	-1	6450	-1	-1	0	0	0
39	19	2	2	0	0	%	5153254	0	-1	0	742	1	5	1	5	3	2	5	4	830	4255	3425	0	0	1	5	1	5	3	2	5	4	2	2	2	2	2	2	2	1575	2005	2460	3095	3625	4220	4845	3244.5	3028.2	0	-1	8215	-1	-1	0	0	0
39	20	2	2	1	1	#	3254124	0	2	3	864	2	3	2	3	4	1	2	4	735	4360	3625	0	0	1	3	2	3	4	1	2	4	2	2	2	2	2	2	2	1600	1815	2740	3070	3925	4620	5035	3244.5	3028.2	0	-1	8440	-1	-1	0	0	0
39	21	2	2	1	0	$	3241513	0	-1	0	849	7	3	2	4	1	5	1	3	1195	3035	1840	0	0	2	3	2	4	1	5	1	3	2	2	2	2	2	2	2	2045	2285	2650	2995	3280	3545	3685	3244.5	3028.2	0	-1	7100	-1	-1	0	0	0
39	22	2	2	1	1	$	3241513	0	2	5	856	2	3	2	5	1	5	1	3	655	4105	3450	0	0	1	3	2	5	1	5	1	3	2	2	2	2	2	2	2	1515	1640	2240	3145	3400	4215	4755	3244.5	3028.2	0	-1	8180	-1	-1	0	0	0
39	23	2	2	1	1	#	3254124	0	3	3	936	7	3	2	5	3	1	2	4	885	3465	2580	0	0	1	3	2	5	3	1	2	4	2	2	2	2	2	2	2	1825	2005	2305	3025	3505	3880	4215	3244.5	3028.2	0	-1	7620	-1	-1	0	0	0
39	24	2	2	0	0	%	5153254	0	-1	0	742	1	5	1	5	3	2	5	4	845	5090	4245	0	0	1	5	1	5	3	2	5	4	2	2	2	2	2	2	2	1590	2210	2690	3410	3985	4545	5610	3244.5	3028.2	0	-1	9050	-1	-1	0	0	0
40	1	2	2	1	0	#	3254124	1	-1	0	781	1	3	2	5	4	1	2	4	1235	3210	1975	0	0	2	3	2	5	4	1	2	4	2	2	2	2	2	2	2	2020	2210	2980	3155	3430	3595	3765	3244.5	3028.2	0	-1	7210	-1	-1	0	0	0
40	2	2	2	0	0	%	5125453	0	-1	0	963	7	5	1	2	5	4	5	3	1180	3430	2250	1	0	0	5	1	2	5	4	5	2	2	2	2	2	2	2	2	2145	2385	2670	2945	3220	3595	3990	3244.5	3028.2	0	-1	7610	-1	-1	0	0	0
40	3	2	2	1	0	$	3241513	1	-1	0	751	7	3	2	4	1	5	1	3	985	2405	1420	0	0	3	3	2	4	1	5	1	3	2	2	2	2	2	2	2	1740	1915	2135	2395	2595	2780	2930	3244.5	3028.2	0	-1	6375	-1	-1	0	0	0
40	4	2	2	0	0	%	5153254	0	-1	0	742	1	5	1	5	3	2	5	4	630	4130	3500	0	0	1	5	1	5	3	2	5	4	2	2	2	2	2	2	2	1375	1805	2275	2905	3500	4090	4690	3244.5	3028.2	0	-1	8090	-1	-1	0	0	0
40	5	2	2	1	1	#	3254124	0	4	3	913	2	3	2	5	4	3	2	4	580	4535	3955	0	0	1	3	2	5	4	3	2	4	2	2	2	2	2	2	2	1495	1715	2135	2410	2910	4270	5230	3244.5	3028.2	0	-1	8665	-1	-1	0	0	0
40	6	2	2	1	0	#	3254124	0	-1	0	747	2	3	2	5	4	1	2	4	620	2690	2070	0	0	3	3	2	5	4	1	2	4	2	2	2	2	2	2	2	1370	1610	2015	2485	2905	3055	3235	3244.5	3028.2	0	-1	6655	-1	-1	0	0	0
40	7	2	2	1	1	#	3254124	0	4	3	910	7	3	2	5	4	3	2	4	770	3990	3220	1	0	0	3	2	5	4	1	2	4	2	2	2	2	2	2	2	1680	1875	2130	2270	2570	3880	4700	3244.5	3028.2	0	-1	8115	-1	-1	0	0	0
40	8	2	2	1	1	#	3254124	0	4	5	683	1	3	2	5	4	5	2	4	520	4260	3740	0	0	1	3	2	5	4	5	2	4	2	2	2	2	2	2	2	1205	1365	1855	2180	2910	3780	4735	3244.5	3028.2	0	-1	8160	-1	-1	0	0	0
40	9	2	2	0	0	%	4342521	0	-1	0	698	1	4	3	4	2	5	2	1	1075	4970	3895	0	0	1	4	3	4	2	5	2	1	2	2	2	2	2	2	2	1775	2340	2780	3370	3935	4760	5415	3244.5	3028.2	0	-1	8885	-1	-1	0	0	0
40	10	2	2	1	0	#	3254124	1	-1	0	966	3	3	2	5	4	1	2	4	1765	3205	1440	0	0	2	3	2	5	4	1	2	4	2	2	2	2	2	2	2	2735	2905	3180	3325	3615	3765	3965	3244.5	3028.2	0	-1	7390	-1	-1	0	0	0
40	11	2	2	0	0	%	4342521	0	-1	0	698	1	4	3	4	2	5	2	1	900	5080	4180	0	0	1	4	3	4	2	5	2	1	2	2	2	2	2	2	2	1600	2305	2925	3550	4125	4845	5525	3244.5	3028.2	0	-1	8995	-1	-1	0	0	0
40	12	2	2	0	0	%	4531521	0	-1	0	639	3	4	5	3	1	5	2	1	1185	3650	2465	1	0	0	4	5	3	1	5	2	2	2	2	2	2	2	2	2	1825	2050	2330	2770	3075	3560	3900	3244.5	3028.2	0	-1	7505	-1	-1	0	0	0
40	13	2	2	1	0	$	3241513	1	-1	0	880	3	3	2	4	1	5	1	3	1165	3000	1835	0	0	3	3	2	4	1	5	1	3	2	2	2	2	2	2	2	2045	2250	2570	2955	3270	3535	3675	3244.5	3028.2	0	-1	7095	-1	-1	0	0	0
40	14	2	2	1	0	$	3241513	1	-1	0	956	1	3	2	4	1	5	1	3	750	2440	1690	0	0	3	3	2	4	1	5	1	3	2	2	2	2	2	2	2	1710	1920	2225	2480	2720	2915	3105	3244.5	3028.2	0	-1	6615	-1	-1	0	0	0
40	15	2	2	1	0	#	3254124	0	-1	0	764	7	3	2	5	4	1	2	4	775	2670	1895	0	0	3	3	2	5	4	1	2	4	2	2	2	2	2	2	2	1540	1730	1995	2145	2900	3030	3270	3244.5	3028.2	0	-1	6650	-1	-1	0	0	0
40	16	2	2	1	0	#	3254124	0	-1	0	764	7	3	2	5	4	1	2	4	735	2370	1635	0	0	3	3	2	5	4	1	2	4	2	2	2	2	2	2	2	1500	1675	1975	2225	2555	2730	2975	3244.5	3028.2	0	-1	6350	-1	-1	0	0	0
40	17	2	2	1	0	#	3254124	0	-1	0	764	7	3	2	5	4	1	2	4	805	3140	2335	0	0	2	3	2	5	4	1	2	4	2	2	2	2	2	2	2	1570	1800	2125	2315	2735	2915	3655	3244.5	3028.2	0	-1	7120	-1	-1	0	0	0
40	18	2	2	0	0	%	4342521	0	-1	0	698	1	4	3	4	2	5	2	1	795	5210	4415	0	0	1	4	3	4	2	5	2	1	2	2	2	2	2	2	2	1495	2155	2680	3560	4100	4955	5680	3244.5	3028.2	0	-1	9125	-1	-1	0	0	0
40	19	2	2	1	1	#	3254124	0	3	2	777	2	3	2	5	2	1	2	4	605	3940	3335	0	0	1	3	2	5	2	1	2	4	2	2	2	2	2	2	2	1385	1610	2025	2855	3495	4110	4515	3244.5	3028.2	0	-1	7935	-1	-1	0	0	0
40	20	2	2	0	0	%	4513242	0	-1	0	722	2	4	5	1	3	2	4	2	1025	3890	2865	0	0	1	4	5	1	3	2	4	2	2	2	2	2	2	2	2	1750	1960	2325	2995	3340	3860	4405	3244.5	3028.2	0	-1	7830	-1	-1	0	0	0
40	21	2	2	1	1	$	3241513	0	4	3	701	1	3	2	4	1	3	1	3	675	4350	3675	0	0	1	3	2	4	1	3	1	3	2	2	2	2	2	2	2	1380	1605	2055	2390	3275	4085	4860	3244.5	3028.2	0	-1	8270	-1	-1	0	0	0
40	22	2	2	1	1	$	3241513	0	3	3	922	7	3	2	4	3	5	1	3	1040	4460	3420	0	0	1	3	2	4	3	5	1	3	2	2	2	2	2	2	2	1965	2205	2625	3365	4255	4985	5200	3244.5	3028.2	0	-1	8600	-1	-1	0	0	0
40	23	2	2	1	0	#	3254124	1	-1	0	649	7	3	2	5	4	1	2	4	690	2255	1565	0	0	3	3	2	5	4	1	2	4	2	2	2	2	2	2	2	1340	1545	1825	2015	2330	2515	2720	3244.5	3028.2	0	-1	6120	-1	-1	0	0	0
40	24	2	2	1	0	$	3241513	1	-1	0	950	2	3	2	4	1	5	1	3	900	3090	2190	0	0	2	3	2	4	1	5	1	3	2	2	2	2	2	2	2	1850	2120	2835	3080	3375	3600	3815	3244.5	3028.2	0	-1	7255	-1	-1	0	0	0
41	1	2	2	1	0	#	3254124	0	-1	0	769	3	3	2	5	4	1	2	4	770	2445	1675	0	0	3	3	2	5	4	1	2	4	2	2	2	2	2	2	2	1540	1800	2080	2285	2610	2790	2985	3244.5	3028.2	0	-1	6430	-1	-1	0	0	0
41	2	2	2	1	0	$	3241513	0	-1	0	841	3	3	2	4	1	5	1	3	570	2085	1515	0	0	3	3	2	4	1	5	1	3	2	2	2	2	2	2	2	1415	1585	1825	2075	2355	2535	2690	3244.5	3028.2	0	-1	6145	-1	-1	0	0	0
41	3	2	2	0	0	%	4531521	0	-1	0	639	3	4	5	3	1	5	2	1	1120	3770	2650	0	0	1	4	5	3	1	5	2	1	2	2	2	2	2	2	2	1760	2030	2320	2775	3135	3735	4160	3244.5	3028.2	0	-1	7625	-1	-1	0	0	0
41	4	2	2	1	0	$	3241513	1	-1	0	880	3	3	2	4	1	5	1	3	570	2100	1530	0	0	3	3	2	4	1	5	1	3	2	2	2	2	2	2	2	1450	1665	1930	2145	2420	2610	2765	3244.5	3028.2	0	-1	6195	-1	-1	0	0	0
41	5	2	2	1	0	$	3241513	0	-1	0	724	1	3	2	4	1	5	1	3	605	2625	2020	0	0	3	3	2	4	1	5	1	3	2	2	2	2	2	2	2	1330	1560	2060	2350	2770	2950	3140	3244.5	3028.2	0	-1	6565	-1	-1	0	0	0
41	6	2	2	1	0	$	3241513	0	-1	0	724	1	3	2	4	1	5	1	3	1205	3420	2215	0	0	1	3	2	4	1	5	1	3	2	2	2	2	2	2	2	1930	2140	2580	2925	3500	3755	3930	3244.5	3028.2	0	-1	7360	-1	-1	0	0	0
41	7	2	2	1	0	#	3254124	0	-1	0	678	1	3	2	5	4	1	2	4	705	2625	1920	0	0	3	3	2	5	4	1	2	4	2	2	2	2	2	2	2	1385	1595	2120	2450	2730	2890	3100	3244.5	3028.2	0	-1	6520	-1	-1	0	0	0
41	8	2	2	1	0	$	3241513	1	-1	0	751	7	3	2	4	1	5	1	3	700	2495	1795	0	0	3	3	2	4	1	5	1	3	2	2	2	2	2	2	2	1455	1665	1935	2140	2455	2655	2985	3244.5	3028.2	0	-1	6465	-1	-1	0	0	0
41	9	2	2	0	0	%	4513242	0	-1	0	722	2	4	5	1	3	2	4	2	1005	3785	2780	0	0	1	4	5	1	3	2	4	2	2	2	2	2	2	2	2	1730	1995	2405	2980	3320	3775	4280	3244.5	3028.2	0	-1	7725	-1	-1	0	0	0
41	10	2	2	1	0	$	3241513	1	-1	0	956	1	3	2	4	1	5	1	3	735	2235	1500	0	0	3	3	2	4	1	5	1	3	2	2	2	2	2	2	2	1695	1890	2140	2375	2630	2765	2955	3244.5	3028.2	0	-1	6410	-1	-1	0	0	0
41	11	2	2	1	0	$	3241513	0	-1	0	841	3	3	2	4	1	5	1	3	595	2095	1500	0	0	3	3	2	4	1	5	1	3	2	2	2	2	2	2	2	1440	1630	1905	2145	2400	2560	2695	3244.5	3028.2	0	-1	6155	-1	-1	0	0	0
41	12	2	2	1	0	#	3254124	1	-1	0	996	2	3	2	5	4	1	2	4	865	2390	1525	0	0	3	3	2	5	4	1	2	4	2	2	2	2	2	2	2	1865	2045	2350	2530	2890	3030	3230	3244.5	3028.2	0	-1	6605	-1	-1	0	0	0
41	13	2	2	1	0	#	3254124	1	-1	0	996	2	3	2	5	4	1	2	4	555	1980	1425	0	0	3	3	2	5	4	1	2	4	2	2	2	2	2	2	2	1555	1735	2000	2185	2470	2630	2795	3244.5	3028.2	0	-1	6195	-1	-1	0	0	0
41	14	2	2	0	0	%	5153254	0	-1	0	742	1	5	1	5	3	2	5	4	705	4235	3530	0	0	1	5	1	5	3	2	5	4	2	2	2	2	2	2	2	1450	1915	2370	3070	3695	4265	4820	3244.5	3028.2	0	-1	8195	-1	-1	0	0	0
41	15	2	2	1	0	#	3254124	1	-1	0	649	7	3	2	5	4	1	2	4	880	2210	1330	0	0	3	3	2	5	4	1	2	4	2	2	2	2	2	2	2	1530	1720	1955	2125	2350	2510	2680	3244.5	3028.2	0	-1	6075	-1	-1	0	0	0
41	16	2	2	0	0	%	3251343	0	-1	0	744	3	3	2	5	1	3	4	3	1195	3760	2565	0	0	1	3	2	5	1	3	4	3	2	2	2	2	2	2	2	1940	2120	2355	2655	3785	4065	4255	3244.5	3028.2	0	-1	7720	-1	-1	0	0	0
41	17	2	2	1	1	$	3241513	0	2	3	911	7	3	2	3	1	5	1	3	995	4940	3945	0	0	1	3	2	3	1	5	1	3	2	2	2	2	2	2	2	1910	2085	2540	3600	4425	5280	5660	3244.5	3028.2	0	-1	9070	-1	-1	0	0	0
41	18	2	2	0	0	%	3251343	0	-1	0	744	3	3	2	5	1	3	4	3	1055	3920	2865	0	0	1	3	2	5	1	3	4	3	2	2	2	2	2	2	2	1800	2020	2285	2625	3785	4155	4440	3244.5	3028.2	0	-1	7880	-1	-1	0	0	0
41	19	2	2	0	0	%	4342521	0	-1	0	698	1	4	3	4	2	5	2	1	695	4580	3885	0	0	1	4	3	4	2	5	2	1	2	2	2	2	2	2	2	1395	2085	2555	3165	3730	4395	4945	3244.5	3028.2	0	-1	8495	-1	-1	0	0	0
41	20	2	2	1	0	#	3254124	0	-1	0	769	3	3	2	5	4	1	2	4	1120	2750	1630	0	0	3	3	2	5	4	1	2	4	2	2	2	2	2	2	2	1890	2130	2390	2605	2940	3100	3365	3244.5	3028.2	0	-1	6735	-1	-1	0	0	0
41	21	2	2	1	1	#	3254124	0	3	3	853	1	3	2	5	3	1	2	4	610	5030	4420	1	0	0	3	2	5	4	1	2	4	2	2	2	2	2	2	2	1465	1680	2770	3075	4020	4925	5660	3244.5	3028.2	0	-1	9100	-1	-1	0	0	0
41	22	2	2	1	1	#	3254124	0	4	3	708	3	3	2	5	4	3	2	4	670	4155	3485	0	0	1	3	2	5	4	3	2	4	2	2	2	2	2	2	2	1380	1565	1835	2010	3035	4315	4660	3244.5	3028.2	0	-1	8080	-1	-1	0	0	0
41	23	2	2	1	1	$	3241513	0	3	3	897	2	3	2	4	3	5	1	3	780	4545	3765	0	0	1	3	2	4	3	5	1	3	2	2	2	2	2	2	2	1680	1870	2350	2825	3740	4570	5215	3244.5	3028.2	0	-1	8660	-1	-1	0	0	0
41	24	2	2	1	0	#	3254124	1	-1	0	966	3	3	2	5	4	1	2	4	810	2345	1535	0	0	3	3	2	5	4	1	2	4	2	2	2	2	2	2	2	1780	1990	2260	2440	2730	2890	3095	3244.5	3028.2	0	-1	6530	-1	-1	0	0	0
42	1	2	2	0	0	%	3141525	0	-1	0	650	2	3	1	4	1	5	2	5	945	3310	2365	0	0	1	3	1	4	1	5	2	5	2	2	2	2	2	2	2	1595	1895	2300	2625	2930	3335	3735	2756.25	2572.5	0	-1	7175	-1	-1	0	0	0
42	2	2	2	1	0	#	3254124	1	-1	0	996	2	3	2	5	4	1	2	4	515	1840	1325	0	0	3	3	2	5	4	1	2	4	2	2	2	2	2	2	2	1515	1660	1870	2030	2260	2430	2620	2756.25	2572.5	0	-1	6055	-1	-1	0	0	0
42	3	2	2	1	0	#	3254124	0	-1	0	678	1	3	2	5	4	1	2	4	605	2835	2230	0	0	1	3	2	5	4	1	2	4	2	2	2	2	2	2	2	1285	1490	1995	2350	2710	3065	3305	2756.25	2572.5	0	-1	6730	-1	-1	0	0	0
42	4	2	2	1	0	$	3241513	0	-1	0	663	2	3	2	4	1	5	1	3	795	2560	1765	0	0	3	3	2	4	1	5	1	3	2	2	2	2	2	2	2	1460	1695	2045	2325	2575	2790	2965	2756.25	2572.5	0	-1	6440	-1	-1	0	0	0
42	5	2	2	1	1	$	3241513	0	2	5	771	1	3	2	5	1	5	1	3	595	4285	3690	0	0	1	3	2	5	1	5	1	3	2	2	2	2	2	2	2	1370	1590	2700	3250	3775	4270	4815	2756.25	2572.5	0	-1	8275	-1	-1	0	0	0
42	6	2	2	0	0	%	4531521	0	-1	0	639	3	4	5	3	1	5	2	1	1150	3845	2695	0	0	1	4	5	3	1	5	2	1	2	2	2	2	2	2	2	1790	2025	2315	3165	3455	3895	4215	2756.25	2572.5	0	-1	7700	-1	-1	0	0	0
42	7	2	2	1	1	#	3254124	0	3	3	793	3	3	2	5	3	1	2	4	1270	4035	2765	0	0	1	3	2	5	3	1	2	4	2	2	2	2	2	2	2	2065	2285	2640	3295	4155	4275	4565	2756.25	2572.5	0	-1	8045	-1	-1	0	0	0
42	8	2	2	1	0	$	3241513	1	-1	0	751	7	3	2	4	1	5	1	3	855	3490	2635	0	0	1	3	2	4	1	5	1	3	2	2	2	2	2	2	2	1610	1865	2255	3225	3550	3830	4000	2756.25	2572.5	0	-1	7460	-1	-1	0	0	0
42	9	2	2	1	0	$	3241513	1	-1	0	950	2	3	2	4	1	5	1	3	580	2340	1760	0	0	3	3	2	4	1	5	1	3	2	2	2	2	2	2	2	1530	1740	2050	2290	2595	2835	3025	2756.25	2572.5	0	-1	6505	-1	-1	0	0	0
42	10	2	2	1	1	#	3254124	0	2	1	700	7	3	2	1	4	1	2	4	1085	3920	2835	0	0	1	3	2	1	4	1	2	4	2	2	2	2	2	2	2	1785	2015	2535	3615	3930	4155	4415	2756.25	2572.5	0	-1	7835	-1	-1	0	0	0
42	11	2	2	1	0	#	3254124	1	-1	0	996	2	3	2	5	4	1	2	4	1060	2540	1480	0	0	3	3	2	5	4	1	2	4	2	2	2	2	2	2	2	2060	2275	2520	2690	2945	3105	3330	2756.25	2572.5	0	-1	6755	-1	-1	0	0	0
42	12	2	2	1	0	$	3241513	1	-1	0	956	1	3	2	4	1	5	1	3	915	2485	1570	0	0	3	3	2	4	1	5	1	3	2	2	2	2	2	2	2	1875	2100	2370	2600	2885	3065	3215	2756.25	2572.5	0	-1	6660	-1	-1	0	0	0
42	13	2	2	0	0	%	5412434	0	-1	0	634	7	5	4	1	2	4	3	4	1410	4135	2725	0	0	1	5	4	1	2	4	3	4	2	2	2	2	2	2	2	2045	2230	2530	3065	4045	4290	4545	2756.25	2572.5	0	-1	7985	-1	-1	0	0	0
42	14	2	2	1	0	#	3254124	0	-1	0	747	2	3	2	5	4	1	2	4	870	2785	1915	0	0	1	3	2	5	4	1	2	4	2	2	2	2	2	2	2	1620	1850	2190	2425	2795	2995	3285	2756.25	2572.5	0	-1	6750	-1	-1	0	0	0
42	15	2	2	0	0	%	5125453	0	-1	0	963	7	5	1	2	5	4	5	3	1215	3990	2775	0	0	1	5	1	2	5	4	5	3	2	2	2	2	2	2	2	2180	2455	3025	3780	4040	4370	4725	2756.25	2572.5	0	-1	8170	-1	-1	0	0	0
42	16	2	2	0	0	%	4531521	0	-1	0	639	3	4	5	3	1	5	2	1	1265	4180	2915	0	0	1	4	5	3	1	5	2	1	2	2	2	2	2	2	2	1905	2155	2610	3280	3695	4295	4570	2756.25	2572.5	0	-1	8035	-1	-1	0	0	0
42	17	2	2	1	0	#	3254124	1	-1	0	781	1	3	2	5	4	1	2	4	1245	2960	1715	0	0	1	3	2	5	4	1	2	4	2	2	2	2	2	2	2	2030	2250	2655	2840	3140	3300	3525	2756.25	2572.5	0	-1	6960	-1	-1	0	0	0
42	18	2	2	0	0	%	3141525	0	-1	0	650	2	3	1	4	1	5	2	5	1165	3905	2740	0	0	1	3	1	4	1	5	2	5	2	2	2	2	2	2	2	1815	2010	2520	2835	3205	3700	4335	2756.25	2572.5	0	-1	7770	-1	-1	0	0	0
42	19	2	2	0	0	%	5125453	0	-1	0	963	7	5	1	2	5	4	5	3	1240	3435	2195	0	0	1	5	1	2	5	4	5	3	2	2	2	2	2	2	2	2205	2470	2730	3155	3395	3795	4175	2756.25	2572.5	0	-1	7615	-1	-1	0	0	0
42	20	2	2	1	0	#	3254124	1	-1	0	649	7	3	2	5	4	1	2	4	755	2100	1345	0	0	3	3	2	5	4	1	2	4	2	2	2	2	2	2	2	1405	1595	1820	1995	2250	2390	2570	2756.25	2572.5	0	-1	5965	-1	-1	0	0	0
42	21	2	2	1	0	$	3241513	1	-1	0	751	7	3	2	4	1	5	1	3	905	2515	1610	0	0	3	3	2	4	1	5	1	3	2	2	2	2	2	2	2	1660	1855	2130	2345	2615	2815	3000	2756.25	2572.5	0	-1	6485	-1	-1	0	0	0
42	22	2	2	1	0	#	3254124	0	-1	0	769	3	3	2	5	4	1	2	4	655	2205	1550	0	0	3	3	2	5	4	1	2	4	2	2	2	2	2	2	2	1425	1615	1905	2105	2420	2575	2790	2756.25	2572.5	0	-1	6190	-1	-1	0	0	0
42	23	2	2	1	0	#	3254124	0	-1	0	747	2	3	2	5	4	1	2	4	560	2600	2040	0	0	2	3	2	5	4	1	2	4	2	2	2	2	2	2	2	1310	1520	2220	2415	2810	2955	3175	2756.25	2572.5	0	-1	6565	-1	-1	0	0	0
42	24	2	2	1	0	$	3241513	1	-1	0	880	3	3	2	4	1	5	1	3	1025	2795	1770	0	0	1	3	2	4	1	5	1	3	2	2	2	2	2	2	2	1905	2100	2380	2595	3000	3220	3425	2756.25	2572.5	0	-1	6890	-1	-1	0	0	0
43	1	2	2	1	0	$	3241513	1	-1	0	950	2	3	2	4	1	5	1	3	765	2320	1555	0	0	3	3	2	4	1	5	1	3	2	2	2	2	2	2	2	1715	1905	2155	2400	2675	2870	3020	2756.25	2572.5	0	-1	6485	-1	-1	0	0	0
43	2	2	2	1	0	$	3241513	0	-1	0	724	1	3	2	4	1	5	1	3	530	3085	2555	0	0	1	3	2	4	1	5	1	3	2	2	2	2	2	2	2	1255	1440	2125	2505	2755	3315	3565	2756.25	2572.5	0	-1	7025	-1	-1	0	0	0
43	3	2	2	0	0	%	3251343	0	-1	0	744	3	3	2	5	1	3	4	3	1080	3895	2815	0	0	1	3	2	5	1	3	4	3	2	2	2	2	2	2	2	1825	2065	2365	2695	3765	4095	4355	2756.25	2572.5	0	-1	7855	-1	-1	0	0	0
43	4	2	2	1	0	#	3254124	1	-1	0	781	1	3	2	5	4	1	2	4	450	1785	1335	0	0	3	3	2	5	4	1	2	4	2	2	2	2	2	2	2	1235	1410	1630	1775	2035	2190	2375	2756.25	2572.5	0	-1	5785	-1	-1	0	0	0
43	5	2	2	0	0	%	4342521	0	-1	0	698	1	4	3	4	2	5	2	1	980	4795	3815	0	0	1	4	3	4	2	5	2	1	2	2	2	2	2	2	2	1680	2380	2860	3490	4070	4660	5245	2756.25	2572.5	0	-1	8710	-1	-1	0	0	0
43	6	2	2	1	0	$	3241513	1	-1	0	956	1	3	2	4	1	5	1	3	1100	2720	1620	0	0	2	3	2	4	1	5	1	3	2	2	2	2	2	2	2	2060	2320	2600	2815	3090	3280	3430	2756.25	2572.5	0	-1	6895	-1	-1	0	0	0
43	7	2	2	1	1	#	3254124	0	2	3	905	1	3	2	3	4	1	2	4	725	3445	2720	1	0	0	3	2	5	4	1	2	4	2	2	2	2	2	2	2	1630	1850	2110	2345	3075	3195	4145	2756.25	2572.5	0	-1	7565	-1	-1	0	0	0
43	8	2	2	1	0	$	3241513	0	-1	0	849	7	3	2	4	1	5	1	3	840	2380	1540	0	0	3	3	2	4	1	5	1	3	2	2	2	2	2	2	2	1690	1885	2135	2360	2640	2845	3005	2756.25	2572.5	0	-1	6445	-1	-1	0	0	0
43	9	2	2	1	1	$	3241513	0	4	4	893	7	3	2	4	1	4	1	3	1150	4650	3500	0	0	1	3	2	4	1	4	1	3	2	2	2	2	2	2	2	2045	2270	3125	3690	4505	4850	5335	2756.25	2572.5	0	-1	8760	-1	-1	0	0	0
43	10	2	2	1	0	$	3241513	1	-1	0	880	3	3	2	4	1	5	1	3	725	2310	1585	0	0	3	3	2	4	1	5	1	3	2	2	2	2	2	2	2	1605	1845	2110	2350	2600	2805	2935	2756.25	2572.5	0	-1	6405	-1	-1	0	0	0
43	11	2	2	1	0	$	3241513	0	-1	0	724	1	3	2	4	1	5	1	3	580	2930	2350	0	0	1	3	2	4	1	5	1	3	2	2	2	2	2	2	2	1305	1525	2055	2460	2970	3240	3400	2756.25	2572.5	0	-1	6870	-1	-1	0	0	0
43	12	2	2	0	0	%	5412434	0	-1	0	634	7	5	4	1	2	4	3	4	1275	5295	4020	0	0	1	5	4	1	2	4	3	4	2	2	2	2	2	2	2	1910	2120	3555	3840	4620	5495	5740	2756.25	2572.5	0	-1	9145	-1	-1	0	0	0
43	13	2	2	1	0	$	3241513	0	-1	0	841	3	3	2	4	1	5	1	3	755	2285	1530	0	0	3	3	2	4	1	5	1	3	2	2	2	2	2	2	2	1600	1810	2065	2310	2555	2770	2905	2756.25	2572.5	0	-1	6345	-1	-1	0	0	0
43	14	2	2	1	0	#	3254124	1	-1	0	649	7	3	2	5	4	1	2	4	860	2380	1520	0	0	3	3	2	5	4	1	2	4	2	2	2	2	2	2	2	1510	1715	1975	2160	2485	2605	2845	2756.25	2572.5	0	-1	6245	-1	-1	0	0	0
43	15	2	2	0	0	%	4513242	0	-1	0	722	2	4	5	1	3	2	4	2	1050	3375	2325	0	0	1	4	5	1	3	2	4	2	2	2	2	2	2	2	2	1775	2015	2370	2685	3035	3520	3880	2756.25	2572.5	0	-1	7315	-1	-1	0	0	0
43	16	2	2	1	0	$	3241513	0	-1	0	663	2	3	2	4	1	5	1	3	740	2735	1995	0	0	2	3	2	4	1	5	1	3	2	2	2	2	2	2	2	1405	1640	1995	2385	2805	3045	3180	2756.25	2572.5	0	-1	6615	-1	-1	0	0	0
43	17	2	2	1	0	$	3241513	1	-1	0	950	2	3	2	4	1	5	1	3	645	2160	1515	0	0	3	3	2	4	1	5	1	3	2	2	2	2	2	2	2	1595	1795	2085	2290	2485	2660	2860	2756.25	2572.5	0	-1	6325	-1	-1	0	0	0
43	18	2	2	0	0	%	5412434	0	-1	0	634	7	5	4	1	2	4	3	4	940	3065	2125	0	0	1	5	4	1	2	4	3	4	2	2	2	2	2	2	2	1575	1780	2070	2275	2975	3235	3490	2756.25	2572.5	0	-1	6915	-1	-1	0	0	0
43	19	2	2	1	0	$	3241513	0	-1	0	663	2	3	2	4	1	5	1	3	575	2500	1925	0	0	3	3	2	4	1	5	1	3	2	2	2	2	2	2	2	1240	1480	1890	2200	2425	2720	2915	2756.25	2572.5	0	-1	6380	-1	-1	0	0	0
43	20	2	2	1	0	$	3241513	0	-1	0	663	2	3	2	4	1	5	1	3	485	2485	2000	0	0	3	3	2	4	1	5	1	3	2	2	2	2	2	2	2	1150	1380	1705	2020	2350	2680	2900	2756.25	2572.5	0	-1	6365	-1	-1	0	0	0
43	21	2	2	1	1	$	3241513	0	4	2	697	3	3	2	4	1	2	1	3	615	3710	3095	0	0	1	3	2	4	1	2	1	3	2	2	2	2	2	2	2	1315	1560	1840	2600	3345	3730	4165	2756.25	2572.5	0	-1	7625	-1	-1	0	0	0
43	22	2	2	1	0	#	3254124	0	-1	0	747	2	3	2	5	4	1	2	4	510	2095	1585	0	0	3	3	2	5	4	1	2	4	2	2	2	2	2	2	2	1260	1450	1740	1950	2315	2435	2655	2756.25	2572.5	0	-1	6060	-1	-1	0	0	0
43	23	2	2	1	0	#	3254124	1	-1	0	781	1	3	2	5	4	1	2	4	400	1770	1370	0	0	3	3	2	5	4	1	2	4	2	2	2	2	2	2	2	1185	1335	1550	1725	2025	2160	2345	2756.25	2572.5	0	-1	5770	-1	-1	0	0	0
43	24	2	2	1	0	$	3241513	0	-1	0	849	7	3	2	4	1	5	1	3	530	2275	1745	0	0	3	3	2	4	1	5	1	3	2	2	2	2	2	2	2	1380	1600	1940	2195	2455	2695	2845	2756.25	2572.5	0	-1	6340	-1	-1	0	0	0
44	1	2	2	1	0	#	3254124	0	-1	0	769	3	3	2	5	4	1	2	4	705	2295	1590	0	0	3	3	2	5	4	1	2	4	2	2	2	2	2	2	2	1475	1710	2030	2185	2505	2640	2870	2625	2450	0	-1	6280	-1	-1	0	0	0
44	2	2	2	0	0	%	5235314	0	-1	0	600	1	5	2	3	5	3	1	4	605	4530	3925	0	0	1	5	2	3	5	3	1	4	2	2	2	2	2	2	2	1205	1825	2390	2980	3845	4415	4935	2625	2450	0	-1	8345	-1	-1	0	0	0
44	3	2	2	1	1	$	3241513	0	2	3	782	2	3	2	3	1	5	1	3	575	3150	2575	0	0	1	3	2	3	1	5	1	3	2	2	2	2	2	2	2	1360	1565	2295	2620	3270	3490	3705	2625	2450	0	-1	7150	-1	-1	0	0	0
44	4	2	2	1	0	$	3241513	1	-1	0	965	2	3	2	4	1	5	1	3	415	1730	1315	0	0	3	3	2	4	1	5	1	3	2	2	2	2	2	2	2	1380	1555	1780	1975	2210	2380	2495	2625	2450	0	-1	5910	-1	-1	0	0	0
44	5	2	2	0	0	%	1542134	0	-1	0	974	2	1	5	4	2	1	3	4	1065	4425	3360	0	0	1	1	5	4	2	1	3	4	2	2	2	2	2	2	2	2040	2205	2790	3200	3900	4900	5130	2625	2450	0	-1	8615	-1	-1	0	0	0
44	6	2	2	0	0	%	4242135	0	-1	0	645	3	4	2	4	2	1	3	5	1605	3645	2040	0	0	1	4	2	4	2	1	3	5	2	2	2	2	2	2	2	2250	2445	2710	2905	3435	3785	4040	2625	2450	0	-1	7505	-1	-1	0	0	0
44	7	2	2	0	0	%	4312135	0	-1	0	851	7	4	3	1	2	1	3	5	1910	4715	2805	0	0	1	4	3	1	2	1	3	5	2	2	2	2	2	2	2	2765	3035	3425	3720	4140	5010	5320	2625	2450	0	-1	8785	-1	-1	0	0	0
44	8	2	2	0	0	%	5235314	0	-1	0	600	1	5	2	3	5	3	1	4	705	4230	3525	0	0	1	5	2	3	5	3	1	4	2	2	2	2	2	2	2	1305	1820	2440	2950	3550	4085	4655	2625	2450	0	-1	8045	-1	-1	0	0	0
44	9	2	2	1	0	$	3241513	0	-1	0	784	1	3	2	4	1	5	1	3	730	2870	2140	0	0	1	3	2	4	1	5	1	3	2	2	2	2	2	2	2	1515	1755	2320	2655	2990	3255	3425	2625	2450	0	-1	6870	-1	-1	0	0	0
44	10	2	2	1	1	#	3254124	0	2	1	979	2	3	2	1	4	1	2	4	430	6755	6325	0	0	1	3	2	1	4	1	2	4	2	2	2	2	2	2	2	1410	1620	2795	4865	6090	6710	7510	2625	2450	0	-1	10950	-1	-1	0	0	0
44	11	2	2	0	0	%	5232421	0	-1	0	852	1	5	2	3	2	4	2	1	580	4660	4080	0	0	1	5	2	3	2	4	2	1	2	2	2	2	2	2	2	1435	2160	2745	3245	4070	4630	5260	2625	2450	0	-1	8730	-1	-1	0	0	0
44	12	2	2	1	0	$	3241513	0	-1	0	643	7	3	2	4	1	5	1	3	885	3235	2350	0	0	1	3	2	4	1	5	1	3	2	2	2	2	2	2	2	1530	1725	2035	2295	2570	3410	3650	2625	2450	0	-1	7095	-1	-1	0	0	0
44	13	2	2	1	1	#	3254124	0	4	3	696	1	3	2	5	4	3	2	4	960	5255	4295	1	0	0	3	2	5	4	1	2	4	2	2	2	2	2	2	2	1660	1915	2255	2440	2755	3840	5750	2625	2450	0	-1	9170	-1	-1	0	0	0
44	14	2	2	1	0	$	3241513	1	-1	0	988	3	3	2	4	1	5	1	3	825	2600	1775	0	0	2	3	2	4	1	5	1	3	2	2	2	2	2	2	2	1815	2050	2385	2630	2920	3170	3375	2625	2450	0	-1	6805	-1	-1	0	0	0
44	15	2	2	1	0	#	3254124	1	-1	0	966	3	3	2	5	4	1	2	4	610	2030	1420	0	0	3	3	2	5	4	1	2	4	2	2	2	2	2	2	2	1580	1815	2045	2235	2480	2640	2840	2625	2450	0	-1	6215	-1	-1	0	0	0
44	16	2	2	0	0	%	4312135	0	-1	0	851	7	4	3	1	2	1	3	5	1670	4305	2635	0	0	1	4	3	1	2	1	3	5	2	2	2	2	2	2	2	2525	2765	3475	3730	4165	4710	4940	2625	2450	0	-1	8375	-1	-1	0	0	0
44	17	2	2	1	0	#	3254124	0	-1	0	780	7	3	2	5	4	1	2	4	700	2130	1430	0	0	3	3	2	5	4	1	2	4	2	2	2	2	2	2	2	1480	1690	1915	2115	2365	2520	2735	2625	2450	0	-1	6125	-1	-1	0	0	0
44	18	2	2	1	0	$	3241513	1	-1	0	988	3	3	2	4	1	5	1	3	475	1970	1495	0	0	3	3	2	4	1	5	1	3	2	2	2	2	2	2	2	1465	1645	1895	2120	2375	2580	2745	2625	2450	0	-1	6175	-1	-1	0	0	0
44	19	2	2	1	1	$	3241513	0	2	3	994	7	3	2	3	1	5	1	3	1405	4065	2660	0	0	1	3	2	3	1	5	1	3	2	2	2	2	2	2	2	2400	2575	2875	3750	4010	4345	4875	2625	2450	0	-1	8275	-1	-1	0	0	0
44	20	2	2	1	1	#	3254124	0	2	1	834	1	3	2	1	4	1	2	4	655	4530	3875	0	0	1	3	2	1	4	1	2	4	2	2	2	2	2	2	2	1490	1695	2465	3435	4170	4770	5215	2625	2450	0	-1	8580	-1	-1	0	0	0
44	21	2	2	1	0	$	3241513	0	-1	0	784	1	3	2	4	1	5	1	3	770	3885	3115	0	0	1	3	2	4	1	5	1	3	2	2	2	2	2	2	2	1555	1780	2715	3135	3610	4035	4445	2625	2450	0	-1	7885	-1	-1	0	0	0
44	22	2	2	0	0	%	4312135	0	-1	0	851	7	4	3	1	2	1	3	5	1290	3905	2615	0	0	1	4	3	1	2	1	3	5	2	2	2	2	2	2	2	2145	2485	3020	3430	3860	4210	4530	2625	2450	0	-1	7975	-1	-1	0	0	0
44	23	2	2	1	0	$	3241513	1	-1	0	824	1	3	2	4	1	5	1	3	700	2165	1465	0	0	3	3	2	4	1	5	1	3	2	2	2	2	2	2	2	1525	1755	2000	2225	2435	2615	2785	2625	2450	0	-1	6205	-1	-1	0	0	0
44	24	2	2	1	1	$	3241513	0	4	3	746	7	3	2	4	1	3	1	3	820	4055	3235	0	0	1	3	2	4	1	3	1	3	2	2	2	2	2	2	2	1570	1815	2230	2530	3590	3780	4515	2625	2450	0	-1	8020	-1	-1	0	0	0
45	1	2	2	0	0	%	5235314	0	-1	0	600	1	5	2	3	5	3	1	4	750	4495	3745	0	0	1	5	2	3	5	3	1	4	2	2	2	2	2	2	2	1350	1945	2520	3075	3610	4140	4875	2625	2450	0	-1	8310	-1	-1	0	0	0
45	2	2	2	1	0	#	3254124	1	-1	0	927	2	3	2	5	4	1	2	4	1140	2600	1460	0	0	2	3	2	5	4	1	2	4	2	2	2	2	2	2	2	2070	2285	2580	2730	3000	3145	3295	2625	2450	0	-1	6745	-1	-1	0	0	0
45	3	2	2	1	0	#	3254124	0	-1	0	702	1	3	2	5	4	1	2	4	615	2760	2145	0	0	1	3	2	5	4	1	2	4	2	2	2	2	2	2	2	1320	1500	2025	2320	2770	3055	3245	2625	2450	0	-1	6680	-1	-1	0	0	0
45	4	2	2	1	0	$	3241513	0	-1	0	602	3	3	2	4	1	5	1	3	650	2040	1390	0	0	3	3	2	4	1	5	1	3	2	2	2	2	2	2	2	1255	1450	1665	1875	2090	2255	2405	2625	2450	0	-1	5860	-1	-1	0	0	0
45	5	2	2	0	0	%	5235314	0	-1	0	600	1	5	2	3	5	3	1	4	510	4500	3990	0	0	1	5	2	3	5	3	1	4	2	2	2	2	2	2	2	1110	1750	2280	2825	3430	4170	4830	2625	2450	0	-1	8315	-1	-1	0	0	0
45	6	2	2	1	0	#	3254124	0	-1	0	780	7	3	2	5	4	1	2	4	670	2070	1400	0	0	3	3	2	5	4	1	2	4	2	2	2	2	2	2	2	1450	1630	1855	2020	2300	2445	2615	2625	2450	0	-1	6065	-1	-1	0	0	0
45	7	2	2	1	1	#	3254124	0	2	1	618	3	3	2	1	4	1	2	4	790	3740	2950	0	0	1	3	2	1	4	1	2	4	2	2	2	2	2	2	2	1410	1590	1850	2755	3010	3440	4135	2625	2450	0	-1	7575	-1	-1	0	0	0
45	8	2	2	1	1	#	3254124	0	4	5	708	2	3	2	5	4	5	2	4	575	3160	2585	1	0	0	3	2	5	4	1	2	4	2	2	2	2	2	2	2	1285	1495	1820	2000	2300	3345	3645	2625	2450	0	-1	7085	-1	-1	0	0	0
45	9	2	2	0	0	%	1542134	0	-1	0	974	2	1	5	4	2	1	3	4	1350	4380	3030	0	0	1	1	5	4	2	1	3	4	2	2	2	2	2	2	2	2325	2520	2945	3950	4225	4720	5140	2625	2450	0	-1	8570	-1	-1	0	0	0
45	10	2	2	1	0	#	3254124	0	-1	0	769	3	3	2	5	4	1	2	4	1080	2680	1600	0	0	1	3	2	5	4	1	2	4	2	2	2	2	2	2	2	1850	2080	2395	2595	2880	3045	3210	2625	2450	0	-1	6665	-1	-1	0	0	0
45	11	2	2	0	0	%	3421435	0	-1	0	681	7	3	4	2	1	4	3	5	1575	5770	4195	1	0	0	3	2	2	1	4	3	5	2	2	2	2	2	2	2	2260	2495	4135	4505	5375	5870	6210	2625	2450	0	-1	9670	-1	-1	0	0	0
45	12	2	2	1	0	#	3254124	1	-1	0	789	1	3	2	5	4	1	2	4	510	1860	1350	0	0	3	3	2	5	4	1	2	4	2	2	2	2	2	2	2	1300	1500	1725	1880	2110	2255	2430	2625	2450	0	-1	5865	-1	-1	0	0	0
45	13	2	2	1	0	#	3254124	0	-1	0	769	3	3	2	5	4	1	2	4	795	2210	1415	0	0	3	3	2	5	4	1	2	4	2	2	2	2	2	2	2	1565	1770	1970	2165	2435	2575	2760	2625	2450	0	-1	6195	-1	-1	0	0	0
45	14	2	2	1	0	#	3254124	1	-1	0	789	1	3	2	5	4	1	2	4	650	2120	1470	0	0	3	3	2	5	4	1	2	4	2	2	2	2	2	2	2	1440	1645	1920	2090	2360	2505	2685	2625	2450	0	-1	6125	-1	-1	0	0	0
45	15	2	2	1	0	$	3241513	0	-1	0	633	2	3	2	4	1	5	1	3	1090	2895	1805	0	0	1	3	2	4	1	5	1	3	2	2	2	2	2	2	2	1725	1925	2365	2650	2915	3115	3265	2625	2450	0	-1	6745	-1	-1	0	0	0
45	16	2	2	1	0	#	3254124	1	-1	0	927	2	3	2	5	4	1	2	4	425	1670	1245	0	0	3	3	2	5	4	1	2	4	2	2	2	2	2	2	2	1355	1530	1725	1840	2070	2230	2400	2625	2450	0	-1	5815	-1	-1	0	0	0
45	17	2	2	1	0	$	3241513	0	-1	0	643	7	3	2	4	1	5	1	3	805	3170	2365	0	0	1	3	2	4	1	5	1	3	2	2	2	2	2	2	2	1450	1640	1915	2230	3065	3285	3555	2625	2450	0	-1	7030	-1	-1	0	0	0
45	18	2	2	1	0	$	3241513	0	-1	0	633	2	3	2	4	1	5	1	3	755	2395	1640	0	0	3	3	2	4	1	5	1	3	2	2	2	2	2	2	2	1390	1605	1900	2140	2380	2595	2790	2625	2450	0	-1	6245	-1	-1	0	0	0
45	19	2	2	1	0	$	3241513	1	-1	0	762	7	3	2	4	1	5	1	3	605	2160	1555	0	0	3	3	2	4	1	5	1	3	2	2	2	2	2	2	2	1370	1580	1830	2075	2310	2515	2670	2625	2450	0	-1	6140	-1	-1	0	0	0
45	20	2	2	1	0	#	3254124	0	-1	0	780	7	3	2	5	4	1	2	4	555	1965	1410	0	0	3	3	2	5	4	1	2	4	2	2	2	2	2	2	2	1335	1510	1780	1930	2210	2345	2545	2625	2450	0	-1	5960	-1	-1	0	0	0
45	21	2	2	1	0	$	3241513	1	-1	0	762	7	3	2	4	1	5	1	3	645	2315	1670	0	0	3	3	2	4	1	5	1	3	2	2	2	2	2	2	2	1410	1620	1920	2170	2455	2605	2745	2625	2450	0	-1	6295	-1	-1	0	0	0
45	22	2	2	1	0	#	3254124	1	-1	0	966	3	3	2	5	4	1	2	4	805	2385	1580	0	0	3	3	2	5	4	1	2	4	2	2	2	2	2	2	2	1775	1955	2215	2400	2710	2880	3130	2625	2450	0	-1	6570	-1	-1	0	0	0
45	23	2	2	0	0	%	4242135	0	-1	0	645	3	4	2	4	2	1	3	5	1350	3975	2625	0	0	1	4	2	4	2	1	3	5	2	2	2	2	2	2	2	1995	2450	2910	3280	3730	4055	4390	2625	2450	0	-1	7835	-1	-1	0	0	0
45	24	2	2	0	0	%	4242135	0	-1	0	645	3	4	2	4	2	1	3	5	1190	3560	2370	0	0	1	4	2	4	2	1	3	5	2	2	2	2	2	2	2	1835	2170	2550	2875	3330	3685	3960	2625	2450	0	-1	7420	-1	-1	0	0	0
46	1	2	2	1	0	$	3241513	0	-1	0	643	7	3	2	4	1	5	1	3	610	2775	2165	0	0	1	3	2	4	1	5	1	3	2	2	2	2	2	2	2	1255	1445	1875	2325	2800	3025	3165	2622.375	2447.55	0	-1	6635	-1	-1	0	0	0
46	2	2	2	1	0	#	3254124	1	-1	0	869	7	3	2	5	4	1	2	4	480	1730	1250	0	0	3	3	2	5	4	1	2	4	2	2	2	2	2	2	2	1350	1515	1705	1845	2085	2230	2390	2622.375	2447.55	0	-1	5815	-1	-1	0	0	0
46	3	2	2	1	0	$	3241513	0	-1	0	784	1	3	2	4	1	5	1	3	585	3020	2435	0	0	1	3	2	4	1	5	1	3	2	2	2	2	2	2	2	1370	1560	1830	2100	2380	3045	3575	2622.375	2447.55	0	-1	7020	-1	-1	0	0	0
46	4	2	2	1	1	$	3241513	0	2	5	664	1	3	2	5	1	5	1	3	510	4135	3625	0	0	1	3	2	5	1	5	1	3	2	2	2	2	2	2	2	1175	1375	2520	3020	3695	4175	4610	2622.375	2447.55	0	-1	8015	-1	-1	0	0	0
46	5	2	2	1	0	#	3254124	1	-1	0	789	1	3	2	5	4	1	2	4	415	1675	1260	0	0	3	3	2	5	4	1	2	4	2	2	2	2	2	2	2	1205	1360	1565	1690	1970	2100	2270	2622.375	2447.55	0	-1	5680	-1	-1	0	0	0
46	6	2	2	1	1	$	3241513	0	3	3	718	1	3	2	4	3	5	1	3	690	3845	3155	1	0	0	3	2	4	1	5	1	3	2	2	2	2	2	2	2	1410	1615	2125	2340	3295	3915	4375	2622.375	2447.55	0	-1	7780	-1	-1	0	0	0
46	7	2	2	1	0	$	3241513	1	-1	0	965	2	3	2	4	1	5	1	3	765	3565	2800	0	0	1	3	2	4	1	5	1	3	2	2	2	2	2	2	2	1730	1950	3390	3640	3885	4155	4300	2622.375	2447.55	0	-1	7745	-1	-1	0	0	0
46	8	2	2	0	0	%	4312135	0	-1	0	851	7	4	3	1	2	1	3	5	1250	4590	3340	0	0	1	4	3	1	2	1	3	5	2	2	2	2	2	2	2	2105	2600	3230	3550	4110	4870	5205	2622.375	2447.55	0	-1	8660	-1	-1	0	0	0
46	9	2	2	1	0	#	3254124	0	-1	0	607	2	3	2	5	4	1	2	4	810	2750	1940	0	0	1	3	2	5	4	1	2	4	2	2	2	2	2	2	2	1420	1645	2150	2410	2785	2950	3160	2622.375	2447.55	0	-1	6575	-1	-1	0	0	0
46	10	2	2	1	0	$	3241513	0	-1	0	643	7	3	2	4	1	5	1	3	685	2255	1570	0	0	3	3	2	4	1	5	1	3	2	2	2	2	2	2	2	1330	1545	1810	2060	2330	2550	2695	2622.375	2447.55	0	-1	6115	-1	-1	0	0	0
46	11	2	2	1	1	#	3254124	0	4	3	856	7	3	2	5	4	3	2	4	770	3555	2785	0	0	1	3	2	5	4	3	2	4	2	2	2	2	2	2	2	1630	1845	2095	2250	3040	3680	4185	2622.375	2447.55	0	-1	7630	-1	-1	0	0	0
46	12	2	2	0	0	%	3421435	0	-1	0	681	7	3	4	2	1	4	3	5	1265	4450	3185	0	0	1	3	4	2	1	4	3	5	2	2	2	2	2	2	2	1950	2225	2555	2960	3865	4740	4930	2622.375	2447.55	0	-1	8350	-1	-1	0	0	0
46	13	2	2	1	1	#	3254124	0	4	5	838	3	3	2	5	4	5	2	4	1030	3860	2830	0	0	1	3	2	5	4	5	2	4	2	2	2	2	2	2	2	1870	2130	2380	2535	3430	4275	4510	2622.375	2447.55	0	-1	7915	-1	-1	0	0	0
46	14	2	2	1	1	#	3254124	0	3	2	868	3	3	2	5	2	1	2	4	575	3145	2570	0	0	1	3	2	5	2	1	2	4	2	2	2	2	2	2	2	1445	1605	1895	2640	3255	3470	3795	2622.375	2447.55	0	-1	7230	-1	-1	0	0	0
46	15	2	2	1	0	$	3241513	0	-1	0	633	2	3	2	4	1	5	1	3	785	2885	2100	0	0	1	3	2	4	1	5	1	3	2	2	2	2	2	2	2	1420	1685	2360	2650	2945	3145	3305	2622.375	2447.55	0	-1	6735	-1	-1	0	0	0
46	16	2	2	1	0	$	3241513	0	-1	0	784	1	3	2	4	1	5	1	3	535	2980	2445	0	0	1	3	2	4	1	5	1	3	2	2	2	2	2	2	2	1320	1565	2235	2535	3050	3270	3545	2622.375	2447.55	0	-1	6980	-1	-1	0	0	0
46	17	2	2	0	0	%	5232421	0	-1	0	852	1	5	2	3	2	4	2	1	615	4780	4165	0	0	1	5	2	3	2	4	2	1	2	2	2	2	2	2	2	1470	2030	2660	3240	3865	4580	5375	2622.375	2447.55	0	-1	8850	-1	-1	0	0	0
46	18	2	2	1	0	$	3241513	1	-1	0	824	1	3	2	4	1	5	1	3	940	2685	1745	0	0	1	3	2	4	1	5	1	3	2	2	2	2	2	2	2	1765	1975	2280	2505	2755	3010	3270	2622.375	2447.55	0	-1	6725	-1	-1	0	0	0
46	19	2	2	1	0	$	3241513	1	-1	0	824	1	3	2	4	1	5	1	3	375	1810	1435	0	0	3	3	2	4	1	5	1	3	2	2	2	2	2	2	2	1200	1355	1560	1760	2015	2235	2410	2622.375	2447.55	0	-1	5850	-1	-1	0	0	0
46	20	2	2	1	0	$	3241513	1	-1	0	762	7	3	2	4	1	5	1	3	470	1835	1365	0	0	3	3	2	4	1	5	1	3	2	2	2	2	2	2	2	1235	1385	1570	1785	2045	2235	2380	2622.375	2447.55	0	-1	5815	-1	-1	0	0	0
46	21	2	2	1	0	$	3241513	1	-1	0	824	1	3	2	4	1	5	1	3	390	1655	1265	0	0	3	3	2	4	1	5	1	3	2	2	2	2	2	2	2	1215	1350	1555	1745	1940	2120	2260	2622.375	2447.55	0	-1	5695	-1	-1	0	0	0
46	22	2	2	1	0	#	3254124	1	-1	0	927	2	3	2	5	4	1	2	4	490	1975	1485	0	0	3	3	2	5	4	1	2	4	2	2	2	2	2	2	2	1420	1560	1760	1900	2190	2330	2670	2622.375	2447.55	0	-1	6120	-1	-1	0	0	0
46	23	2	2	1	0	#	3254124	0	-1	0	702	1	3	2	5	4	1	2	4	665	2555	1890	0	0	2	3	2	5	4	1	2	4	2	2	2	2	2	2	2	1370	1525	2120	2420	2760	2895	3065	2622.375	2447.55	0	-1	6475	-1	-1	0	0	0
46	24	2	2	1	0	$	3241513	0	-1	0	784	1	3	2	4	1	5	1	3	475	2190	1715	0	0	3	3	2	4	1	5	1	3	2	2	2	2	2	2	2	1260	1420	1900	2150	2455	2630	2765	2622.375	2447.55	0	-1	6190	-1	-1	0	0	0
47	1	2	2	1	1	$	3241513	0	2	5	739	3	3	2	5	1	5	1	3	950	4070	3120	0	0	1	3	2	5	1	5	1	3	2	2	2	2	2	2	2	1690	1870	2890	3155	3885	4360	4590	2622.375	2447.55	0	-1	8025	-1	-1	0	0	0
47	2	2	2	0	0	%	5235314	0	-1	0	600	1	5	2	3	5	3	1	4	585	4100	3515	0	0	1	5	2	3	5	3	1	4	2	2	2	2	2	2	2	1185	1800	2295	2845	3335	3870	4490	2622.375	2447.55	0	-1	7915	-1	-1	0	0	0
47	3	2	2	0	0	%	5342421	0	-1	0	600	2	5	3	4	2	4	2	1	955	4220	3265	0	0	1	5	3	4	2	4	2	1	2	2	2	2	2	2	2	1555	1935	2415	2915	3295	4120	4565	2622.375	2447.55	0	-1	8035	-1	-1	0	0	0
47	4	2	2	1	0	$	3241513	0	-1	0	602	3	3	2	4	1	5	1	3	1185	3420	2235	0	0	1	3	2	4	1	5	1	3	2	2	2	2	2	2	2	1790	2065	2355	2660	2990	3295	3785	2622.375	2447.55	0	-1	7240	-1	-1	0	0	0
47	5	2	2	0	0	%	5342421	0	-1	0	600	2	5	3	4	2	4	2	1	775	3080	2305	0	0	1	5	3	4	2	4	2	1	2	2	2	2	2	2	2	1375	1740	2165	2490	2845	3175	3500	2622.375	2447.55	0	-1	6895	-1	-1	0	0	0
47	6	2	2	0	0	%	1542134	0	-1	0	974	2	1	5	4	2	1	3	4	1460	4310	2850	0	0	1	1	5	4	2	1	3	4	2	2	2	2	2	2	2	2435	2695	3085	3500	4245	4730	5060	2622.375	2447.55	0	-1	8500	-1	-1	0	0	0
47	7	2	2	1	0	#	3254124	0	-1	0	780	7	3	2	5	4	1	2	4	585	2010	1425	0	0	3	3	2	5	4	1	2	4	2	2	2	2	2	2	2	1365	1570	1775	1915	2275	2385	2575	2622.375	2447.55	0	-1	6005	-1	-1	0	0	0
47	8	2	2	1	1	$	3241513	0	3	2	986	3	3	2	4	2	5	1	3	580	3250	2670	0	0	1	3	2	4	2	5	1	3	2	2	2	2	2	2	2	1570	1770	2040	2730	3135	3760	4015	2622.375	2447.55	0	-1	7455	-1	-1	0	0	0
47	9	2	2	1	0	#	3254124	0	-1	0	607	2	3	2	5	4	1	2	4	550	2115	1565	0	0	3	3	2	5	4	1	2	4	2	2	2	2	2	2	2	1160	1390	1765	1930	2255	2375	2560	2622.375	2447.55	0	-1	5940	-1	-1	0	0	0
47	10	2	2	1	0	#	3254124	0	-1	0	769	3	3	2	5	4	1	2	4	540	2225	1685	0	0	3	3	2	5	4	1	2	4	2	2	2	2	2	2	2	1310	1510	1725	1905	2490	2615	2830	2622.375	2447.55	0	-1	6210	-1	-1	0	0	0
47	11	2	2	0	0	%	5232421	0	-1	0	852	1	5	2	3	2	4	2	1	780	4755	3975	0	0	1	5	2	3	2	4	2	1	2	2	2	2	2	2	2	1635	2280	2885	3440	3975	4835	5370	2622.375	2447.55	0	-1	8825	-1	-1	0	0	0
47	12	2	2	1	1	#	3254124	0	3	2	996	7	3	2	5	2	1	2	4	930	3570	2640	0	0	1	3	2	5	2	1	2	4	2	2	2	2	2	2	2	1930	2055	2480	3175	3805	4100	4375	2622.375	2447.55	0	-1	7785	-1	-1	0	0	0
47	13	2	2	1	0	$	3241513	1	-1	0	965	2	3	2	4	1	5	1	3	435	2160	1725	1	0	0	3	2	5	4	1	2	3	2	2	2	2	2	2	2	1400	1570	1770	1925	2650	2755	2920	2622.375	2447.55	0	-1	6340	-1	-1	0	0	0
47	14	2	2	1	1	$	3241513	0	4	4	733	1	3	2	4	1	4	1	3	515	4355	3840	0	0	1	3	2	4	1	4	1	3	2	2	2	2	2	2	2	1250	1405	2330	2720	3710	4255	4910	2622.375	2447.55	0	-1	8305	-1	-1	0	0	0
47	15	2	2	1	0	#	3254124	0	-1	0	607	2	3	2	5	4	1	2	4	590	2110	1520	0	0	3	3	2	5	4	1	2	4	2	2	2	2	2	2	2	1200	1380	1785	1915	2260	2370	2550	2622.375	2447.55	0	-1	5935	-1	-1	0	0	0
47	16	2	2	0	0	%	1415352	0	-1	0	734	3	1	4	1	5	3	5	2	1815	4575	2760	0	0	1	1	4	1	5	3	5	2	2	2	2	2	2	2	2	2550	2870	3245	3600	4155	4670	5085	2622.375	2447.55	0	-1	8525	-1	-1	0	0	0
47	17	2	2	1	0	#	3254124	0	-1	0	702	1	3	2	5	4	1	2	4	1090	3610	2520	0	0	1	3	2	5	4	1	2	4	2	2	2	2	2	2	2	1795	2185	2805	3180	3545	3845	4130	2622.375	2447.55	0	-1	7530	-1	-1	0	0	0
47	18	2	2	1	0	$	3241513	0	-1	0	633	2	3	2	4	1	5	1	3	520	4630	4110	0	0	1	3	2	4	1	5	1	3	2	2	2	2	2	2	2	1155	1385	3190	3485	3860	4675	5040	2622.375	2447.55	0	-1	8480	-1	-1	0	0	0
47	19	2	2	0	0	%	5232421	0	-1	0	852	1	5	2	3	2	4	2	1	585	4235	3650	0	0	1	5	2	3	2	4	2	1	2	2	2	2	2	2	2	1440	1975	2590	3070	3570	4395	4845	2622.375	2447.55	0	-1	8305	-1	-1	0	0	0
47	20	2	2	0	0	%	4242135	0	-1	0	645	3	4	2	4	2	1	3	5	1070	3120	2050	0	0	1	4	2	4	2	1	3	5	2	2	2	2	2	2	2	1715	2000	2190	2510	2925	3300	3545	2622.375	2447.55	0	-1	6980	-1	-1	0	0	0
47	21	2	2	1	0	#	3254124	0	-1	0	702	1	3	2	5	4	1	2	4	820	2960	2140	0	0	1	3	2	5	4	1	2	4	2	2	2	2	2	2	2	1525	1735	2045	2215	2885	3025	3445	2622.375	2447.55	0	-1	6880	-1	-1	0	0	0
47	22	2	2	1	0	#	3254124	1	-1	0	789	1	3	2	5	4	1	2	4	520	1850	1330	0	0	3	3	2	5	4	1	2	4	2	2	2	2	2	2	2	1310	1510	1690	1835	2070	2190	2405	2622.375	2447.55	0	-1	5855	-1	-1	0	0	0
47	23	2	2	1	0	$	3241513	1	-1	0	824	1	3	2	4	1	5	1	3	600	1995	1395	0	0	3	3	2	4	1	5	1	3	2	2	2	2	2	2	2	1425	1640	1845	2065	2280	2465	2630	2622.375	2447.55	0	-1	6035	-1	-1	0	0	0
47	24	2	2	1	0	$	3241513	1	-1	0	965	2	3	2	4	1	5	1	3	570	2135	1565	0	0	3	3	2	4	1	5	1	3	2	2	2	2	2	2	2	1535	1745	1955	2255	2525	2740	2870	2622.375	2447.55	0	-1	6315	-1	-1	0	0	0
48	1	2	2	1	0	#	3254124	1	-1	0	927	2	3	2	5	4	1	2	4	525	1995	1470	1	0	0	3	2	5	4	1	2	3	2	2	2	2	2	2	2	1455	1640	1940	2115	2390	2535	2745	2622.375	2447.55	0	-1	6140	-1	-1	0	0	0
48	2	2	2	0	0	%	4242135	0	-1	0	645	3	4	2	4	2	1	3	5	1180	3140	1960	0	0	1	4	2	4	2	1	3	5	2	2	2	2	2	2	2	1825	2025	2220	2465	3235	3370	3565	2622.375	2447.55	0	-1	7000	-1	-1	0	0	0
48	3	2	2	1	0	#	3254124	1	-1	0	966	3	3	2	5	4	1	2	4	610	1990	1380	0	0	3	3	2	5	4	1	2	4	2	2	2	2	2	2	2	1580	1805	2035	2190	2465	2590	2755	2622.375	2447.55	0	-1	6175	-1	-1	0	0	0
48	4	2	2	1	0	#	3254124	0	-1	0	769	3	3	2	5	4	1	2	4	565	2080	1515	0	0	3	3	2	5	4	1	2	4	2	2	2	2	2	2	2	1335	1520	1770	1910	2245	2455	2700	2622.375	2447.55	0	-1	6065	-1	-1	0	0	0
48	5	2	2	0	0	%	5342421	0	-1	0	600	2	5	3	4	2	4	2	1	1475	3775	2300	0	0	1	5	3	4	2	4	2	1	2	2	2	2	2	2	2	2075	2410	2780	3105	3515	3840	4130	2622.375	2447.55	0	-1	7590	-1	-1	0	0	0
48	6	2	2	1	0	$	3241513	0	-1	0	602	3	3	2	4	1	5	1	3	610	2930	2320	0	0	1	3	2	4	1	5	1	3	2	2	2	2	2	2	2	1215	1430	1655	2045	2570	2850	3290	2622.375	2447.55	0	-1	6750	-1	-1	0	0	0
48	7	2	2	1	0	$	3241513	0	-1	0	602	3	3	2	4	1	5	1	3	695	2150	1455	0	0	3	3	2	4	1	5	1	3	2	2	2	2	2	2	2	1300	1510	1750	1985	2205	2405	2540	2622.375	2447.55	0	-1	5970	-1	-1	0	0	0
48	8	2	2	1	0	$	3241513	1	-1	0	762	7	3	2	4	1	5	1	3	440	1775	1335	0	0	3	3	2	4	1	5	1	3	2	2	2	2	2	2	2	1205	1385	1585	1775	1975	2160	2335	2622.375	2447.55	0	-1	5755	-1	-1	0	0	0
48	9	2	2	1	0	$	3241513	0	-1	0	602	3	3	2	4	1	5	1	3	590	1870	1280	0	0	3	3	2	4	1	5	1	3	2	2	2	2	2	2	2	1195	1375	1600	1785	1970	2110	2265	2622.375	2447.55	0	-1	5690	-1	-1	0	0	0
48	10	2	2	0	0	%	3421435	0	-1	0	681	7	3	4	2	1	4	3	5	1170	3835	2665	0	0	1	3	4	2	1	4	3	5	2	2	2	2	2	2	2	1855	2095	2415	2860	3425	4120	4315	2622.375	2447.55	0	-1	7735	-1	-1	0	0	0
48	11	2	2	1	1	$	3241513	0	3	3	984	7	3	2	4	3	5	1	3	705	3510	2805	0	0	1	3	2	4	3	5	1	3	2	2	2	2	2	2	2	1690	1930	2235	2520	3430	3815	4280	2622.375	2447.55	0	-1	7710	-1	-1	0	0	0
48	12	2	2	1	0	#	3254124	1	-1	0	966	3	3	2	5	4	1	2	4	365	1585	1220	0	0	3	3	2	5	4	1	2	4	2	2	2	2	2	2	2	1335	1510	1690	1830	2065	2205	2375	2622.375	2447.55	0	-1	5770	-1	-1	0	0	0
48	13	2	2	0	0	%	3421435	0	-1	0	681	7	3	4	2	1	4	3	5	1200	3440	2240	0	0	1	3	4	2	1	4	3	5	2	2	2	2	2	2	2	1885	2165	2435	2800	3265	3615	3875	2622.375	2447.55	0	-1	7340	-1	-1	0	0	0
48	14	2	2	1	0	#	3254124	1	-1	0	869	7	3	2	5	4	1	2	4	640	1945	1305	0	0	3	3	2	5	4	1	2	4	2	2	2	2	2	2	2	1510	1690	1865	2025	2305	2445	2630	2622.375	2447.55	0	-1	6030	-1	-1	0	0	0
48	15	2	2	1	0	#	3254124	1	-1	0	927	2	3	2	5	4	1	2	4	395	1575	1180	0	0	3	3	2	5	4	1	2	4	2	2	2	2	2	2	2	1325	1505	1680	1810	2040	2160	2325	2622.375	2447.55	0	-1	5720	-1	-1	0	0	0
48	16	2	2	1	1	#	3254124	0	3	3	690	2	3	2	5	3	1	2	4	575	3380	2805	0	0	1	3	2	5	3	1	2	4	2	2	2	2	2	2	2	1265	1460	1740	2290	2855	3630	3875	2622.375	2447.55	0	-1	7285	-1	-1	0	0	0
48	17	2	2	0	0	%	1542134	0	-1	0	974	2	1	5	4	2	1	3	4	1260	4030	2770	0	0	1	1	5	4	2	1	3	4	2	2	2	2	2	2	2	2235	2470	2815	3310	3890	4600	4870	2622.375	2447.55	0	-1	8220	-1	-1	0	0	0
48	18	2	2	1	1	$	3241513	0	4	3	698	3	3	2	4	1	3	1	3	570	3085	2515	1	0	0	3	2	4	1	5	1	3	2	2	2	2	2	2	2	1270	1455	1670	1870	2195	3325	3620	2622.375	2447.55	0	-1	7000	-1	-1	0	0	0
48	19	2	2	1	0	#	3254124	0	-1	0	607	2	3	2	5	4	1	2	4	550	2035	1485	0	0	3	3	2	5	4	1	2	4	2	2	2	2	2	2	2	1160	1380	1695	1855	2145	2255	2455	2622.375	2447.55	0	-1	5860	-1	-1	0	0	0
48	20	2	2	1	0	$	3241513	1	-1	0	988	3	3	2	4	1	5	1	3	640	2690	2050	0	0	1	3	2	4	1	5	1	3	2	2	2	2	2	2	2	1630	1855	2250	2440	2825	3240	3440	2622.375	2447.55	0	-1	6895	-1	-1	0	0	0
48	21	2	2	1	0	$	3241513	1	-1	0	988	3	3	2	4	1	5	1	3	615	1930	1315	0	0	3	3	2	4	1	5	1	3	2	2	2	2	2	2	2	1605	1770	1980	2165	2405	2535	2715	2622.375	2447.55	0	-1	6135	-1	-1	0	0	0
48	22	2	2	0	0	%	5232421	0	-1	0	852	1	5	2	3	2	4	2	1	645	4380	3735	0	0	1	5	2	3	2	4	2	1	2	2	2	2	2	2	2	1500	2105	2695	3260	3885	4475	5035	2622.375	2447.55	0	-1	8450	-1	-1	0	0	0
48	23	2	2	0	0	%	1542134	0	-1	0	974	2	1	5	4	2	1	3	4	1145	3515	2370	0	0	1	1	5	4	2	1	3	4	2	2	2	2	2	2	2	2120	2435	2720	3090	3550	3990	4335	2622.375	2447.55	0	-1	7705	-1	-1	0	0	0
48	24	2	2	0	0	%	1415352	0	-1	0	734	3	1	4	1	5	3	5	2	1095	3350	2255	0	0	1	1	4	1	5	3	5	2	2	2	2	2	2	2	2	1830	2160	2495	2750	3165	3545	3890	2622.375	2447.55	0	-1	7300	-1	-1	0	0	0
49	1	2	2	1	1	#	3254124	0	3	2	812	1	3	2	5	2	1	2	4	930	5570	4640	0	0	1	3	2	5	2	1	2	4	2	2	2	2	2	2	2	1745	2425	3010	3955	4575	5320	6185	2622.375	2447.55	0	-1	9600	-1	-1	0	0	0
49	2	2	2	1	0	#	3254124	1	-1	0	869	7	3	2	5	4	1	2	4	640	2035	1395	0	0	3	3	2	5	4	1	2	4	2	2	2	2	2	2	2	1510	1750	2025	2190	2425	2555	2715	2622.375	2447.55	0	-1	6120	-1	-1	0	0	0
49	3	2	2	0	0	%	5342421	0	-1	0	600	2	5	3	4	2	4	2	1	1055	3280	2225	0	0	1	5	3	4	2	4	2	1	2	2	2	2	2	2	2	1655	1925	2290	2600	3045	3290	3620	2622.375	2447.55	0	-1	7095	-1	-1	0	0	0
49	4	2	2	0	0	%	1415352	0	-1	0	734	3	1	4	1	5	3	5	2	970	4930	3960	1	0	0	1	4	1	5	2	4	3	2	2	2	2	2	2	2	1705	1990	2230	2545	2955	4020	5465	2622.375	2447.55	0	-1	8880	-1	-1	0	0	0
49	5	2	2	0	0	%	4312135	0	-1	0	851	7	4	3	1	2	1	3	5	1060	4215	3155	0	0	1	4	3	1	2	1	3	5	2	2	2	2	2	2	2	1915	2300	2730	3120	3535	4530	4865	2622.375	2447.55	0	-1	8285	-1	-1	0	0	0
49	6	2	2	1	1	#	3254124	0	2	3	732	7	3	2	3	4	1	2	4	1000	3540	2540	0	0	1	3	2	3	4	1	2	4	2	2	2	2	2	2	2	1735	1965	2295	3405	3750	3900	4100	2622.375	2447.55	0	-1	7490	-1	-1	0	0	0
49	7	2	2	1	1	$	3241513	0	4	4	760	2	3	2	4	1	4	1	3	800	3630	2830	0	0	1	3	2	4	1	4	1	3	2	2	2	2	2	2	2	1560	1785	2125	2365	3375	3975	4195	2622.375	2447.55	0	-1	7605	-1	-1	0	0	0
49	8	2	2	1	0	#	3254124	1	-1	0	966	3	3	2	5	4	1	2	4	405	1650	1245	0	0	3	3	2	5	4	1	2	4	2	2	2	2	2	2	2	1375	1545	1760	1905	2155	2280	2450	2622.375	2447.55	0	-1	5835	-1	-1	0	0	0
49	9	2	2	0	0	%	1415352	0	-1	0	734	3	1	4	1	5	3	5	2	1530	4095	2565	0	0	1	1	4	1	5	3	5	2	2	2	2	2	2	2	2	2265	2530	2805	3065	3600	4245	4620	2622.375	2447.55	0	-1	8045	-1	-1	0	0	0
49	10	2	2	1	0	#	3254124	1	-1	0	869	7	3	2	5	4	1	2	4	515	1765	1250	0	0	3	3	2	5	4	1	2	4	2	2	2	2	2	2	2	1385	1595	1790	1955	2165	2305	2465	2622.375	2447.55	0	-1	5850	-1	-1	0	0	0
49	11	2	2	0	0	%	5342421	0	-1	0	600	2	5	3	4	2	4	2	1	1210	3805	2595	0	0	1	5	3	4	2	4	2	1	2	2	2	2	2	2	2	1810	2120	2510	2885	3540	3850	4215	2622.375	2447.55	0	-1	7620	-1	-1	0	0	0
49	12	2	2	1	0	#	3254124	1	-1	0	789	1	3	2	5	4	1	2	4	610	1850	1240	0	0	3	3	2	5	4	1	2	4	2	2	2	2	2	2	2	1400	1585	1790	1945	2195	2305	2480	2622.375	2447.55	0	-1	5855	-1	-1	0	0	0
49	13	2	2	0	0	%	3421435	0	-1	0	681	7	3	4	2	1	4	3	5	1145	10000	8855	1	1	-1	3	4	2	5	0	0	0	2	2	2	2	0	0	0	1830	2135	2395	2430	0	0	0	2622.375	2447.55	0	-1	13700	-1	-1	0	0	0
49	14	2	2	1	0	$	3241513	1	-1	0	965	2	3	2	4	1	5	1	3	745	2235	1490	0	0	3	3	2	4	1	5	1	3	2	2	2	2	2	2	2	1710	1910	2150	2360	2625	2820	2970	2622.375	2447.55	0	-1	6415	-1	-1	0	0	0
49	15	2	2	1	0	#	3254124	0	-1	0	607	2	3	2	5	4	1	2	4	475	2055	1580	0	0	3	3	2	5	4	1	2	4	2	2	2	2	2	2	2	1085	1285	1570	1770	2050	2205	2460	2622.375	2447.55	0	-1	5880	-1	-1	0	0	0
49	16	2	2	1	0	$	3241513	1	-1	0	762	7	3	2	4	1	5	1	3	710	2230	1520	0	0	3	3	2	4	1	5	1	3	2	2	2	2	2	2	2	1475	1680	1955	2145	2460	2630	2765	2622.375	2447.55	0	-1	6210	-1	-1	0	0	0
49	17	2	2	1	0	$	3241513	0	-1	0	633	2	3	2	4	1	5	1	3	480	2405	1925	0	0	3	3	2	4	1	5	1	3	2	2	2	2	2	2	2	1115	1275	1885	2195	2460	2625	2775	2622.375	2447.55	0	-1	6255	-1	-1	0	0	0
49	18	2	2	0	0	%	1415352	0	-1	0	734	3	1	4	1	5	3	5	2	1275	3595	2320	0	0	1	1	4	1	5	3	5	2	2	2	2	2	2	2	2	2010	2235	2500	2785	3245	3735	4115	2622.375	2447.55	0	-1	7545	-1	-1	0	0	0
49	19	2	2	1	0	#	3254124	0	-1	0	702	1	3	2	5	4	1	2	4	900	5850	4950	0	0	1	3	2	5	4	1	2	4	2	2	2	2	2	2	2	1605	2050	2715	4260	5400	5760	6315	2622.375	2447.55	0	-1	9770	-1	-1	0	0	0
49	20	2	2	1	0	#	3254124	0	-1	0	780	7	3	2	5	4	1	2	4	605	1925	1320	0	0	3	3	2	5	4	1	2	4	2	2	2	2	2	2	2	1385	1550	1775	1890	2165	2310	2475	2622.375	2447.55	0	-1	5920	-1	-1	0	0	0
49	21	2	2	1	0	$	3241513	1	-1	0	988	3	3	2	4	1	5	1	3	800	4530	3730	0	0	1	3	2	4	1	5	1	3	2	2	2	2	2	2	2	1790	2045	3350	4155	4905	5125	5270	2622.375	2447.55	0	-1	8735	-1	-1	0	0	0
49	22	2	2	1	0	$	3241513	0	-1	0	643	7	3	2	4	1	5	1	3	755	2120	1365	0	0	3	3	2	4	1	5	1	3	2	2	2	2	2	2	2	1400	1605	1825	2015	2250	2410	2545	2622.375	2447.55	0	-1	5980	-1	-1	0	0	0
49	23	2	2	1	0	#	3254124	1	-1	0	869	7	3	2	5	4	1	2	4	355	1555	1200	0	0	3	3	2	5	4	1	2	4	2	2	2	2	2	2	2	1225	1400	1605	1750	1950	2095	2280	2622.375	2447.55	0	-1	5640	-1	-1	0	0	0
49	24	2	2	1	1	$	3241513	0	3	3	998	2	3	2	4	3	5	1	3	600	4225	3625	0	0	1	3	2	4	3	5	1	3	2	2	2	2	2	2	2	1600	1785	2670	3275	3715	4130	4995	2622.375	2447.55	0	-1	8440	-1	-1	0	0	0
