BN	TN	SubNum	hand	isTrain	isChanged	symbol	cue	isMasked	digitChangePos	digitChangeValue	precueTime	windowSize	press1	press2	press3	press4	press5	press6	press7	RT	ET	MT	isError	timingError	points	response1	response2	response3	response4	response5	response6	response7	handPressed1	handPressed2	handPressed3	handPressed4	handPressed5	handPressed6	handPressed7	pressTime1	pressTime2	pressTime3	pressTime4	pressTime5	pressTime6	pressTime7	timeThreshold	timeThresholdSuper	startTime	startTimeReal	trialDur	startTR	startTRtime	useMetronome	isCross	crossTime
37	1	3	2	0	0	%	4253513	0	-1	0	912	1	4	2	5	3	5	1	3	550	3440	2890	0	0	2	4	2	5	3	5	1	3	2	2	2	2	2	2	2	1465	1865	2280	2705	3175	3665	4150	3500	2940	0	-1	7570	-1	-1	0	0	0
37	2	3	2	0	0	%	2414531	0	-1	0	811	2	2	4	1	4	5	3	1	585	2450	1865	0	0	3	2	4	1	4	5	3	1	2	2	2	2	2	2	2	1400	1655	1965	2220	2510	2760	3015	3500	2940	0	-1	6480	-1	-1	0	0	0
37	3	3	2	1	0	#	1324353	1	-1	0	648	3	1	3	2	4	3	5	3	585	2010	1425	0	0	3	1	3	2	4	3	5	3	2	2	2	2	2	2	2	1235	1480	1875	2050	2215	2360	2495	3500	2940	0	-1	5875	-1	-1	0	0	0
37	4	3	2	1	0	$	1413521	1	-1	0	822	2	1	4	1	3	5	2	1	310	1295	985	0	0	3	1	4	1	3	5	2	1	2	2	2	2	2	2	2	1135	1275	1420	1560	1725	1815	1915	3500	2940	0	-1	5335	-1	-1	0	0	0
37	5	3	2	1	0	$	1413521	1	-1	0	909	1	1	4	1	3	5	2	1	335	1300	965	0	0	3	1	4	1	3	5	2	1	2	2	2	2	2	2	2	1245	1400	1530	1660	1790	1885	1985	3500	2940	0	-1	5425	-1	-1	0	0	0
37	6	3	2	0	0	%	4125213	0	-1	0	604	3	4	1	2	5	2	1	3	665	2220	1555	0	0	3	4	1	2	5	2	1	3	2	2	2	2	2	2	2	1270	1460	1680	1950	2200	2370	2610	3500	2940	0	-1	6040	-1	-1	0	0	0
37	7	3	2	1	0	#	1324353	0	-1	0	711	1	1	3	2	4	3	5	3	470	1875	1405	0	0	3	1	3	2	4	3	5	3	2	2	2	2	2	2	2	1185	1520	1845	2025	2140	2270	2395	3500	2940	0	-1	5805	-1	-1	0	0	0
37	8	3	2	1	0	$	1413521	0	-1	0	692	1	1	4	1	3	5	2	1	265	1225	960	0	0	3	1	4	1	3	5	2	1	2	2	2	2	2	2	2	960	1125	1275	1395	1525	1615	1695	3500	2940	0	-1	5135	-1	-1	0	0	0
37	9	3	2	1	0	#	1324353	1	-1	0	636	7	1	3	2	4	3	5	3	400	1365	965	0	0	3	1	3	2	4	3	5	3	2	2	2	2	2	2	2	1040	1180	1315	1450	1585	1710	1835	3500	2940	0	-1	5220	-1	-1	0	0	0
37	10	3	2	1	0	$	1413521	0	-1	0	910	7	1	4	1	3	5	2	1	265	1240	975	0	0	3	1	4	1	3	5	2	1	2	2	2	2	2	2	2	1175	1350	1500	1635	1745	1815	1905	3500	2940	0	-1	5365	-1	-1	0	0	0
37	11	3	2	1	0	$	1413521	0	-1	0	811	3	1	4	1	3	5	2	1	290	1875	1585	1	0	0	1	4	3	5	2	1	1	2	2	2	2	2	2	2	1105	1280	1540	1650	1755	1835	2400	3500	2940	0	-1	5905	-1	-1	0	0	0
37	12	3	2	1	0	$	1413521	1	-1	0	884	7	1	4	1	3	5	2	1	400	1510	1110	0	0	3	1	4	1	3	5	2	1	2	2	2	2	2	2	2	1285	1460	1655	1800	1935	2030	2115	3500	2940	0	-1	5610	-1	-1	0	0	0
37	13	3	2	1	0	#	1324353	0	-1	0	602	2	1	3	2	4	3	5	3	500	1625	1125	0	0	3	1	3	2	4	3	5	3	2	2	2	2	2	2	2	1105	1270	1410	1565	1725	1880	2025	3500	2940	0	-1	5445	-1	-1	0	0	0
37	14	3	2	0	0	%	3125354	0	-1	0	734	7	3	1	2	5	3	5	4	645	2930	2285	1	0	0	3	1	2	5	3	4	4	2	2	2	2	2	2	2	1380	1585	1805	2020	2190	2500	3385	3500	2940	0	-1	6880	-1	-1	0	0	0
37	15	3	2	1	0	#	1324353	1	-1	0	755	2	1	3	2	4	3	5	3	800	2295	1495	0	0	3	1	3	2	4	3	5	3	2	2	2	2	2	2	2	1555	2085	2270	2405	2560	2735	2875	3500	2940	0	-1	6265	-1	-1	0	0	0
37	16	3	2	1	0	#	1324353	1	-1	0	757	1	1	3	2	4	3	5	3	275	1450	1175	0	0	3	1	3	2	4	3	5	3	2	2	2	2	2	2	2	1035	1190	1365	1525	1675	1845	1990	3500	2940	0	-1	5425	-1	-1	0	0	0
37	17	3	2	0	0	%	1253415	0	-1	0	864	2	1	2	5	3	4	1	5	515	2470	1955	0	0	3	1	2	5	3	4	1	5	2	2	2	2	2	2	2	1380	1605	1870	2130	2410	2715	3105	3500	2940	0	-1	6550	-1	-1	0	0	0
37	18	3	2	1	0	$	1413521	1	-1	0	977	3	1	4	1	3	5	2	1	380	1495	1115	0	0	3	1	4	1	3	5	2	1	2	2	2	2	2	2	2	1360	1535	1710	1835	1960	2105	2210	3500	2940	0	-1	5690	-1	-1	0	0	0
37	19	3	2	1	0	#	1324353	0	-1	0	634	7	1	3	2	4	3	5	3	475	1740	1265	0	0	3	1	3	2	4	3	5	3	2	2	2	2	2	2	2	1110	1260	1420	1605	1770	1930	2085	3500	2940	0	-1	5590	-1	-1	0	0	0
37	20	3	2	1	0	$	1413521	0	-1	0	985	2	1	4	1	3	5	2	1	275	1370	1095	0	0	3	1	4	1	3	5	2	1	2	2	2	2	2	2	2	1260	1425	1595	1770	1865	1995	2115	3500	2940	0	-1	5570	-1	-1	0	0	0
37	21	3	2	1	0	#	1324353	0	-1	0	841	3	1	3	2	4	3	5	3	335	1670	1335	0	0	3	1	3	2	4	3	5	3	2	2	2	2	2	2	2	1180	1360	1620	1805	1970	2130	2265	3500	2940	0	-1	5730	-1	-1	0	0	0
37	22	3	2	0	0	%	5424153	0	-1	0	938	7	5	4	2	4	1	5	3	610	2200	1590	0	0	3	5	4	2	4	1	5	3	2	2	2	2	2	2	2	1550	1805	2070	2295	2555	2805	2950	3500	2940	0	-1	6355	-1	-1	0	0	0
37	23	3	2	0	0	%	2524134	0	-1	0	923	3	2	5	2	4	1	3	4	670	2320	1650	0	0	3	2	5	2	4	1	3	4	2	2	2	2	2	2	2	1595	1810	2050	2295	2520	2745	3025	3500	2940	0	-1	6460	-1	-1	0	0	0
37	24	3	2	0	0	%	4312512	0	-1	0	823	1	4	3	1	2	5	1	2	520	3020	2500	0	0	2	4	3	1	2	5	1	2	2	2	2	2	2	2	2	1345	1695	2145	2495	2885	3305	3665	3500	2940	0	-1	7060	-1	-1	0	0	0
38	1	3	2	1	0	#	1324353	0	-1	0	816	2	1	3	2	4	3	5	3	440	1835	1395	0	0	1	1	3	2	4	3	5	3	2	2	2	2	2	2	2	1260	1465	1655	1905	2090	2365	2475	1790.25	1670.9	0	-1	5870	-1	-1	0	0	0
38	2	3	2	1	0	$	1413521	1	-1	0	926	1	1	4	1	3	5	2	1	350	1275	925	0	0	3	1	4	1	3	5	2	1	2	2	2	2	2	2	2	1280	1455	1620	1730	1815	1910	2010	1790.25	1670.9	0	-1	5420	-1	-1	0	0	0
38	3	3	2	1	1	$	1413521	0	3	2	931	2	1	4	1	2	5	2	1	340	2485	2145	1	0	0	1	4	1	3	5	2	1	2	2	2	2	2	2	2	1275	1455	1630	1850	2595	2920	3160	1790.25	1670.9	0	-1	6635	-1	-1	0	0	0
38	4	3	2	1	0	#	1324353	1	-1	0	919	1	1	3	2	4	3	5	3	380	1420	1040	0	0	3	1	3	2	4	3	5	3	2	2	2	2	2	2	2	1300	1450	1600	1755	1875	2025	2155	1790.25	1670.9	0	-1	5555	-1	-1	0	0	0
38	5	3	2	1	0	$	1413521	0	-1	0	840	7	1	4	1	3	5	2	1	450	1550	1100	0	0	3	1	4	1	3	5	2	1	2	2	2	2	2	2	2	1290	1480	1655	1830	1950	2080	2155	1790.25	1670.9	0	-1	5605	-1	-1	0	0	0
38	6	3	2	1	0	#	1324353	0	-1	0	816	2	1	3	2	4	3	5	3	435	1840	1405	0	0	1	1	3	2	4	3	5	3	2	2	2	2	2	2	2	1255	1485	1715	1930	2125	2315	2485	1790.25	1670.9	0	-1	5875	-1	-1	0	0	0
38	7	3	2	1	1	#	1324353	0	3	1	843	3	1	3	2	1	3	5	3	560	2750	2190	1	0	0	1	3	2	4	3	5	3	2	2	2	2	2	2	2	1405	1585	1835	2020	2265	2835	3030	1790.25	1670.9	0	-1	6810	-1	-1	0	0	0
38	8	3	2	1	0	$	1413521	1	-1	0	665	2	1	4	1	3	5	2	1	370	1335	965	0	0	3	1	4	1	3	5	2	1	2	2	2	2	2	2	2	1035	1255	1410	1495	1595	1690	1785	1790.25	1670.9	0	-1	5215	-1	-1	0	0	0
38	9	3	2	1	0	#	1324353	1	-1	0	600	3	1	3	2	4	3	5	3	410	1745	1335	1	0	0	1	4	1	3	5	2	1	2	2	2	2	2	2	2	1010	1185	1330	1435	1520	1635	1770	1790.25	1670.9	0	-1	5560	-1	-1	0	0	0
38	10	3	2	1	0	$	1413521	0	-1	0	691	3	1	4	1	3	5	2	1	405	1605	1200	0	0	3	1	4	1	3	5	2	1	2	2	2	2	2	2	2	1100	1300	1500	1645	1840	1985	2065	1790.25	1670.9	0	-1	5515	-1	-1	0	0	0
38	11	3	2	1	1	$	1413521	0	3	4	835	1	1	4	1	4	5	2	1	495	2885	2390	0	0	1	1	4	1	4	5	2	1	2	2	2	2	2	2	2	1330	1665	2025	2585	3070	3370	3490	1790.25	1670.9	0	-1	6935	-1	-1	0	0	0
38	12	3	2	1	1	#	1324353	0	3	1	963	1	1	3	2	1	3	5	3	465	3195	2730	1	0	0	1	3	2	4	3	5	3	2	2	2	2	2	2	2	1430	1720	2020	2395	3255	3675	3975	1790.25	1670.9	0	-1	7375	-1	-1	0	0	0
38	13	3	2	0	0	%	2121534	0	-1	0	848	1	2	1	2	1	5	3	4	435	3215	2780	0	0	1	2	1	2	1	5	3	4	2	2	2	2	2	2	2	1285	1620	1970	2535	3025	3480	3855	1790.25	1670.9	0	-1	7280	-1	-1	0	0	0
38	14	3	2	0	0	%	4313542	0	-1	0	613	7	4	3	1	3	5	4	2	735	2740	2005	0	0	1	4	3	1	3	5	4	2	2	2	2	2	2	2	2	1350	1920	2250	2415	2675	3005	3160	1790.25	1670.9	0	-1	6570	-1	-1	0	0	0
38	15	3	2	1	0	#	1324353	0	-1	0	827	1	1	3	2	4	3	5	3	490	2840	2350	0	0	1	1	3	2	4	3	5	3	2	2	2	2	2	2	2	1320	1665	1995	2375	2755	3140	3490	1790.25	1670.9	0	-1	6885	-1	-1	0	0	0
38	16	3	2	1	1	$	1413521	0	3	2	803	3	1	4	1	2	5	2	1	460	1955	1495	0	0	1	1	4	1	2	5	2	1	2	2	2	2	2	2	2	1265	1490	1690	1910	2125	2400	2510	1790.25	1670.9	0	-1	5975	-1	-1	0	0	0
38	17	3	2	0	0	%	1523243	0	-1	0	892	3	1	5	2	3	2	4	3	585	2305	1720	0	0	1	1	5	2	3	2	4	3	2	2	2	2	2	2	2	1480	1725	2020	2295	2570	2840	3015	1790.25	1670.9	0	-1	6415	-1	-1	0	0	0
38	18	3	2	1	1	$	1413521	0	2	2	631	3	1	4	2	3	5	2	1	525	2060	1535	0	0	1	1	4	2	3	5	2	1	2	2	2	2	2	2	2	1160	1385	1650	1900	2175	2350	2460	1790.25	1670.9	0	-1	5910	-1	-1	0	0	0
38	19	3	2	1	0	#	1324353	0	-1	0	932	7	1	3	2	4	3	5	3	555	1985	1430	0	0	1	1	3	2	4	3	5	3	2	2	2	2	2	2	2	1490	1685	1935	2290	2495	2635	2740	1790.25	1670.9	0	-1	6135	-1	-1	0	0	0
38	20	3	2	1	0	$	1413521	0	-1	0	984	1	1	4	1	3	5	2	1	415	2705	2290	0	0	1	1	4	1	3	5	2	1	2	2	2	2	2	2	2	1400	1730	2105	2505	2900	3280	3460	1790.25	1670.9	0	-1	6905	-1	-1	0	0	0
38	21	3	2	1	0	#	1324353	1	-1	0	967	7	1	3	2	4	3	5	3	620	3115	2495	1	0	0	1	4	2	3	5	3	3	2	2	2	2	2	2	2	1590	2225	2900	3175	3360	3460	3895	1790.25	1670.9	0	-1	7300	-1	-1	0	0	0
38	22	3	2	1	1	$	1413521	0	4	1	864	7	1	4	1	3	1	2	1	355	2365	2010	0	0	1	1	4	1	3	1	2	1	2	2	2	2	2	2	2	1220	1440	1605	1770	2630	2820	3000	1790.25	1670.9	0	-1	6445	-1	-1	0	0	0
38	23	3	2	1	0	#	1324353	1	-1	0	967	7	1	3	2	4	3	5	3	1255	2380	1125	0	0	1	1	3	2	4	3	5	3	2	2	2	2	2	2	2	2225	2415	2580	2760	2870	3030	3165	1790.25	1670.9	0	-1	6565	-1	-1	0	0	0
38	24	3	2	1	0	$	1413521	1	-1	0	955	3	1	4	1	3	5	2	1	435	1390	955	0	0	3	1	4	1	3	5	2	1	2	2	2	2	2	2	2	1390	1565	1730	1825	1960	2035	2120	1790.25	1670.9	0	-1	5560	-1	-1	0	0	0
39	1	3	2	1	0	#	1324353	1	-1	0	794	2	1	3	2	4	3	5	3	805	1830	1025	0	0	1	1	3	2	4	3	5	3	2	2	2	2	2	2	2	1600	1780	1915	2070	2175	2325	2455	1790.25	1670.9	0	-1	5840	-1	-1	0	0	0
39	2	3	2	1	0	#	1324353	1	-1	0	794	2	1	3	2	4	3	5	3	380	1460	1080	0	0	3	1	3	2	4	3	5	3	2	2	2	2	2	2	2	1175	1315	1565	1725	1835	1985	2085	1790.25	1670.9	0	-1	5470	-1	-1	0	0	0
39	3	3	2	1	0	#	1324353	0	-1	0	932	7	1	3	2	4	3	5	3	445	1480	1035	0	0	3	1	3	2	4	3	5	3	2	2	2	2	2	2	2	1380	1520	1680	1880	1990	2125	2250	1790.25	1670.9	0	-1	5630	-1	-1	0	0	0
39	4	3	2	0	0	%	1531245	0	-1	0	960	2	1	5	3	1	2	4	5	500	2235	1735	0	0	1	1	5	3	1	2	4	5	2	2	2	2	2	2	2	1460	1705	1980	2285	2505	2820	3035	1790.25	1670.9	0	-1	6410	-1	-1	0	0	0
39	5	3	2	0	0	%	4215324	0	-1	0	918	3	4	2	1	5	3	2	4	735	2100	1365	0	0	1	4	2	1	5	3	2	4	2	2	2	2	2	2	2	1655	1800	1975	2205	2455	2680	2795	1790.25	1670.9	0	-1	6235	-1	-1	0	0	0
39	6	3	2	0	0	%	1254143	0	-1	0	832	1	1	2	5	4	1	4	3	445	3055	2610	0	0	1	1	2	5	4	1	4	3	2	2	2	2	2	2	2	1280	1645	2025	2455	2870	3340	3705	1790.25	1670.9	0	-1	7105	-1	-1	0	0	0
39	7	3	2	0	0	%	1251354	0	-1	0	783	7	1	2	5	1	3	5	4	560	2135	1575	0	0	1	1	2	5	1	3	5	4	2	2	2	2	2	2	2	1345	1535	1765	1990	2240	2470	2660	1790.25	1670.9	0	-1	6135	-1	-1	0	0	0
39	8	3	2	1	0	$	1413521	1	-1	0	926	1	1	4	1	3	5	2	1	510	1560	1050	0	0	3	1	4	1	3	5	2	1	2	2	2	2	2	2	2	1440	1635	1795	1915	2030	2120	2255	1790.25	1670.9	0	-1	5705	-1	-1	0	0	0
39	9	3	2	1	1	$	1413521	0	2	5	727	2	1	4	5	3	5	2	1	415	2580	2165	0	0	1	1	4	5	3	5	2	1	2	2	2	2	2	2	2	1145	1365	1710	2120	2765	2965	3060	1790.25	1670.9	0	-1	6525	-1	-1	0	0	0
39	10	3	2	0	0	%	1531245	0	-1	0	960	2	1	5	3	1	2	4	5	465	2085	1620	0	0	1	1	5	3	1	2	4	5	2	2	2	2	2	2	2	1425	1665	1865	2155	2355	2645	2870	1790.25	1670.9	0	-1	6260	-1	-1	0	0	0
39	11	3	2	1	0	#	1324353	0	-1	0	932	7	1	3	2	4	3	5	3	410	1540	1130	0	0	3	1	3	2	4	3	5	3	2	2	2	2	2	2	2	1345	1490	1675	1900	2040	2175	2290	1790.25	1670.9	0	-1	5690	-1	-1	0	0	0
39	12	3	2	1	0	$	1413521	1	-1	0	955	3	1	4	1	3	5	2	1	365	1325	960	1	0	0	1	4	1	3	5	4	2	2	2	2	2	2	2	2	1320	1500	1655	1760	1855	1885	1935	1790.25	1670.9	0	-1	5495	-1	-1	0	0	0
39	13	3	2	1	1	#	1324353	0	3	1	811	2	1	3	2	1	3	5	3	510	2545	2035	0	0	1	1	3	2	1	3	5	3	2	2	2	2	2	2	2	1325	1500	1710	2170	2600	2825	3120	1790.25	1670.9	0	-1	6575	-1	-1	0	0	0
39	14	3	2	0	0	%	1523243	0	-1	0	892	3	1	5	2	3	2	4	3	605	2320	1715	0	0	1	1	5	2	3	2	4	3	2	2	2	2	2	2	2	1500	1765	2010	2285	2560	2770	3025	1790.25	1670.9	0	-1	6430	-1	-1	0	0	0
39	15	3	2	1	0	#	1324353	1	-1	0	967	7	1	3	2	4	3	5	3	495	1650	1155	0	0	3	1	3	2	4	3	5	3	2	2	2	2	2	2	2	1465	1685	1855	2005	2140	2290	2425	1790.25	1670.9	0	-1	5835	-1	-1	0	0	0
39	16	3	2	1	0	#	1324353	1	-1	0	919	1	1	3	2	4	3	5	3	355	1395	1040	0	0	3	1	3	2	4	3	5	3	2	2	2	2	2	2	2	1275	1415	1570	1720	1855	2005	2120	1790.25	1670.9	0	-1	5530	-1	-1	0	0	0
39	17	3	2	0	0	%	4313542	0	-1	0	613	7	4	3	1	3	5	4	2	665	2740	2075	0	0	1	4	3	1	3	5	4	2	2	2	2	2	2	2	2	1280	1495	2125	2330	2680	2930	3170	1790.25	1670.9	0	-1	6570	-1	-1	0	0	0
39	18	3	2	1	0	$	1413521	0	-1	0	816	2	1	4	1	3	5	2	1	355	1835	1480	0	0	1	1	4	1	3	5	2	1	2	2	2	2	2	2	2	1175	1390	1665	1905	2140	2295	2400	1790.25	1670.9	0	-1	5870	-1	-1	0	0	0
39	19	3	2	1	0	$	1413521	0	-1	0	816	2	1	4	1	3	5	2	1	370	1770	1400	0	0	2	1	4	1	3	5	2	1	2	2	2	2	2	2	2	1190	1440	1705	1920	2170	2285	2345	1790.25	1670.9	0	-1	5805	-1	-1	0	0	0
39	20	3	2	0	0	%	1523243	0	-1	0	892	3	1	5	2	3	2	4	3	675	2280	1605	0	0	1	1	5	2	3	2	4	3	2	2	2	2	2	2	2	1570	1830	2085	2330	2595	2835	2995	1790.25	1670.9	0	-1	6390	-1	-1	0	0	0
39	21	3	2	0	0	%	4313542	0	-1	0	613	7	4	3	1	3	5	4	2	640	2660	2020	1	0	0	4	3	1	3	5	2	2	2	2	2	2	2	2	2	1255	1525	2055	2245	2495	2670	3120	1790.25	1670.9	0	-1	6490	-1	-1	0	0	0
39	22	3	2	1	1	#	1324353	0	4	2	664	3	1	3	2	4	2	5	3	475	2430	1955	1	0	0	1	3	2	4	3	5	3	2	2	2	2	2	2	2	1140	1315	1525	1930	2170	2675	2875	1790.25	1670.9	0	-1	6310	-1	-1	0	0	0
39	23	3	2	1	0	#	1324353	1	-1	0	600	3	1	3	2	4	3	5	3	460	1510	1050	0	0	3	1	3	2	4	3	5	3	2	2	2	2	2	2	2	1060	1195	1355	1520	1640	1795	1925	1790.25	1670.9	0	-1	5325	-1	-1	0	0	0
39	24	3	2	1	1	#	1324353	0	2	5	813	3	1	3	5	4	3	5	3	440	2205	1765	0	0	1	1	3	5	4	3	5	3	2	2	2	2	2	2	2	1255	1535	1870	2180	2585	2755	2860	1790.25	1670.9	0	-1	6235	-1	-1	0	0	0
40	1	3	2	1	1	$	1413521	0	4	1	667	1	1	4	1	3	1	2	1	380	2805	2425	1	0	0	1	4	1	3	5	2	1	2	2	2	2	2	2	2	1050	1290	1680	1970	2260	2945	3230	2415	2254	0	-1	6690	-1	-1	0	0	0
40	2	3	2	1	0	#	1324353	0	-1	0	863	3	1	3	2	4	3	5	3	440	2325	1885	0	0	2	1	3	2	4	3	5	3	2	2	2	2	2	2	2	1305	1540	1930	2375	2780	2925	3025	2415	2254	0	-1	6405	-1	-1	0	0	0
40	3	3	2	1	0	$	1413521	0	-1	0	984	1	1	4	1	3	5	2	1	350	2645	2295	0	0	1	1	4	1	3	5	2	1	2	2	2	2	2	2	2	1335	1665	2015	2355	2810	3230	3410	2415	2254	0	-1	6845	-1	-1	0	0	0
40	4	3	2	1	0	$	1413521	0	-1	0	984	1	1	4	1	3	5	2	1	360	2560	2200	0	0	1	1	4	1	3	5	2	1	2	2	2	2	2	2	2	1345	1685	2025	2340	2750	3155	3335	2415	2254	0	-1	6760	-1	-1	0	0	0
40	5	3	2	1	0	#	1324353	0	-1	0	863	3	1	3	2	4	3	5	3	490	1945	1455	0	0	3	1	3	2	4	3	5	3	2	2	2	2	2	2	2	1355	1615	1870	2100	2300	2475	2630	2415	2254	0	-1	6025	-1	-1	0	0	0
40	6	3	2	0	0	%	5341312	0	-1	0	772	2	5	3	4	1	3	1	2	710	2655	1945	1	0	0	5	3	4	1	3	2	2	2	2	2	2	2	2	2	1485	1730	1995	2270	2510	2860	3255	2415	2254	0	-1	6645	-1	-1	0	0	0
40	7	3	2	1	1	#	1324353	0	4	2	883	2	1	3	2	4	2	5	3	500	2425	1925	0	0	1	1	3	2	4	2	5	3	2	2	2	2	2	2	2	1385	1585	1805	2105	2665	2945	3135	2415	2254	0	-1	6525	-1	-1	0	0	0
40	8	3	2	1	0	$	1413521	1	-1	0	955	3	1	4	1	3	5	2	1	425	1440	1015	0	0	3	1	4	1	3	5	2	1	2	2	2	2	2	2	2	1380	1585	1775	1865	1985	2070	2180	2415	2254	0	-1	5610	-1	-1	0	0	0
40	9	3	2	1	0	#	1324353	1	-1	0	919	1	1	3	2	4	3	5	3	565	1520	955	0	0	3	1	3	2	4	3	5	3	2	2	2	2	2	2	2	1485	1610	1720	1870	2000	2115	2245	2415	2254	0	-1	5655	-1	-1	0	0	0
40	10	3	2	1	0	#	1324353	0	-1	0	863	3	1	3	2	4	3	5	3	615	1895	1280	0	0	3	1	3	2	4	3	5	3	2	2	2	2	2	2	2	1480	1660	1890	2115	2340	2485	2575	2415	2254	0	-1	5975	-1	-1	0	0	0
40	11	3	2	1	0	$	1413521	1	-1	0	792	7	1	4	1	3	5	2	1	340	1280	940	0	0	3	1	4	1	3	5	2	1	2	2	2	2	2	2	2	1135	1285	1435	1530	1605	1705	1825	2415	2254	0	-1	5290	-1	-1	0	0	0
40	12	3	2	0	0	%	4215324	0	-1	0	918	3	4	2	1	5	3	2	4	720	2095	1375	0	0	3	4	2	1	5	3	2	4	2	2	2	2	2	2	2	1640	1780	1935	2140	2400	2645	2805	2415	2254	0	-1	6230	-1	-1	0	0	0
40	13	3	2	1	0	#	1324353	0	-1	0	816	2	1	3	2	4	3	5	3	440	1715	1275	0	0	3	1	3	2	4	3	5	3	2	2	2	2	2	2	2	1260	1445	1615	1820	2020	2300	2360	2415	2254	0	-1	5750	-1	-1	0	0	0
40	14	3	2	1	0	$	1413521	1	-1	0	955	3	1	4	1	3	5	2	1	390	1310	920	0	0	3	1	4	1	3	5	2	1	2	2	2	2	2	2	2	1345	1490	1635	1725	1820	1895	2015	2415	2254	0	-1	5480	-1	-1	0	0	0
40	15	3	2	0	0	%	4215324	0	-1	0	918	3	4	2	1	5	3	2	4	680	2000	1320	0	0	3	4	2	1	5	3	2	4	2	2	2	2	2	2	2	1600	1730	1925	2145	2390	2610	2730	2415	2254	0	-1	6135	-1	-1	0	0	0
40	16	3	2	1	0	$	1413521	1	-1	0	792	7	1	4	1	3	5	2	1	660	2300	1640	0	0	2	1	4	1	3	5	2	1	2	2	2	2	2	2	2	1455	2005	2410	2570	2700	2750	2870	2415	2254	0	-1	6310	-1	-1	0	0	0
40	17	3	2	1	0	#	1324353	1	-1	0	600	3	1	3	2	4	3	5	3	845	1800	955	0	0	3	1	3	2	4	3	5	3	2	2	2	2	2	2	2	1445	1580	1695	1830	1945	2080	2210	2415	2254	0	-1	5615	-1	-1	0	0	0
40	18	3	2	1	0	#	1324353	1	-1	0	919	1	1	3	2	4	3	5	3	405	1400	995	0	0	3	1	3	2	4	3	5	3	2	2	2	2	2	2	2	1325	1455	1575	1730	1835	2005	2115	2415	2254	0	-1	5535	-1	-1	0	0	0
40	19	3	2	1	0	$	1413521	1	-1	0	926	1	1	4	1	3	5	2	1	415	1320	905	0	0	3	1	4	1	3	5	2	1	2	2	2	2	2	2	2	1345	1505	1665	1740	1875	1910	2045	2415	2254	0	-1	5465	-1	-1	0	0	0
40	20	3	2	0	0	%	1254143	0	-1	0	832	1	1	2	5	4	1	4	3	530	3145	2615	1	0	0	1	2	5	4	2	1	3	2	2	2	2	2	2	2	1365	1790	2215	2605	3055	3090	3795	2415	2254	0	-1	7195	-1	-1	0	0	0
40	21	3	2	1	0	$	1413521	0	-1	0	984	1	1	4	1	3	5	2	1	375	2740	2365	0	0	1	1	4	1	3	5	2	1	2	2	2	2	2	2	2	1360	1705	2070	2435	2875	3260	3545	2415	2254	0	-1	6940	-1	-1	0	0	0
40	22	3	2	1	0	#	1324353	0	-1	0	827	1	1	3	2	4	3	5	3	445	2615	2170	0	0	1	1	3	2	4	3	5	3	2	2	2	2	2	2	2	1275	1845	2300	2745	2990	3140	3265	2415	2254	0	-1	6660	-1	-1	0	0	0
40	23	3	2	1	1	$	1413521	0	4	4	688	2	1	4	1	3	4	2	1	435	2255	1820	0	0	2	1	4	1	3	4	2	1	2	2	2	2	2	2	2	1125	1390	1615	1840	2290	2620	2720	2415	2254	0	-1	6160	-1	-1	0	0	0
40	24	3	2	0	0	%	1531245	0	-1	0	960	2	1	5	3	1	2	4	5	610	2370	1760	0	0	2	1	5	3	1	2	4	5	2	2	2	2	2	2	2	1570	1825	2100	2405	2635	2940	3150	2415	2254	0	-1	6545	-1	-1	0	0	0
41	1	3	2	0	0	%	4313542	0	-1	0	613	7	4	3	1	3	5	4	2	635	3015	2380	0	0	1	4	3	1	3	5	4	2	2	2	2	2	2	2	2	1250	1840	2160	2320	2580	3225	3400	2310	2156	0	-1	6845	-1	-1	0	0	0
41	2	3	2	0	0	%	4215324	0	-1	0	918	3	4	2	1	5	3	2	4	715	1990	1275	0	0	3	4	2	1	5	3	2	4	2	2	2	2	2	2	2	1635	1770	1940	2185	2425	2605	2750	2310	2156	0	-1	6125	-1	-1	0	0	0
41	3	3	2	1	1	$	1413521	0	4	1	636	3	1	4	1	3	1	2	1	485	1910	1425	0	0	3	1	4	1	3	1	2	1	2	2	2	2	2	2	2	1125	1300	1500	1760	2100	2255	2380	2310	2156	0	-1	5765	-1	-1	0	0	0
41	4	3	2	1	0	$	1413521	0	-1	0	816	2	1	4	1	3	5	2	1	420	1465	1045	0	0	3	1	4	1	3	5	2	1	2	2	2	2	2	2	2	1240	1415	1575	1825	1990	1995	2065	2310	2156	0	-1	5500	-1	-1	0	0	0
41	5	3	2	1	0	$	1413521	0	-1	0	984	1	1	4	1	3	5	2	1	700	2360	1660	0	0	1	1	4	1	3	5	2	1	2	2	2	2	2	2	2	1685	1985	2180	2425	2805	3070	3135	2310	2156	0	-1	6560	-1	-1	0	0	0
41	6	3	2	0	0	%	1251354	0	-1	0	783	7	1	2	5	1	3	5	4	700	2245	1545	1	0	0	1	2	5	1	3	4	4	2	2	2	2	2	2	2	1485	1655	1870	2060	2210	2440	2845	2310	2156	0	-1	6245	-1	-1	0	0	0
41	7	3	2	0	0	%	2121534	0	-1	0	848	1	2	1	2	1	5	3	4	520	2985	2465	0	0	1	2	1	2	1	5	3	4	2	2	2	2	2	2	2	1370	1720	2030	2395	2860	3300	3670	2310	2156	0	-1	7050	-1	-1	0	0	0
41	8	3	2	1	0	#	1324353	0	-1	0	827	1	1	3	2	4	3	5	3	535	2500	1965	0	0	1	1	3	2	4	3	5	3	2	2	2	2	2	2	2	1365	1620	1955	2320	2595	2975	3160	2310	2156	0	-1	6545	-1	-1	0	0	0
41	9	3	2	1	0	$	1413521	0	-1	0	840	7	1	4	1	3	5	2	1	505	1470	965	0	0	3	1	4	1	3	5	2	1	2	2	2	2	2	2	2	1345	1515	1690	1835	1970	2010	2085	2310	2156	0	-1	5525	-1	-1	0	0	0
41	10	3	2	1	0	#	1324353	1	-1	0	794	2	1	3	2	4	3	5	3	770	2170	1400	1	0	0	1	4	1	3	2	1	1	2	2	2	2	2	2	2	1565	1765	1915	2010	2225	2310	2740	2310	2156	0	-1	6180	-1	-1	0	0	0
41	11	3	2	1	1	#	1324353	0	2	1	860	7	1	3	1	4	3	5	3	555	1935	1380	0	0	3	1	3	1	4	3	5	3	2	2	2	2	2	2	2	1415	1570	1785	2095	2390	2530	2630	2310	2156	0	-1	6010	-1	-1	0	0	0
41	12	3	2	1	0	#	1324353	1	-1	0	919	1	1	3	2	4	3	5	3	1105	2435	1330	0	0	1	1	3	2	4	3	5	3	2	2	2	2	2	2	2	2025	2535	2685	2815	2945	3075	3185	2310	2156	0	-1	6570	-1	-1	0	0	0
41	13	3	2	1	0	$	1413521	1	-1	0	665	2	1	4	1	3	5	2	1	630	2150	1520	1	0	0	1	4	1	3	2	1	1	2	2	2	2	2	2	2	1295	1465	1625	1760	1955	2125	2595	2310	2156	0	-1	6030	-1	-1	0	0	0
41	14	3	2	1	0	#	1324353	0	-1	0	827	1	1	3	2	4	3	5	3	415	2845	2430	0	0	1	1	3	2	4	3	5	3	2	2	2	2	2	2	2	1245	1810	2340	2660	2955	3260	3520	2310	2156	0	-1	6890	-1	-1	0	0	0
41	15	3	2	1	0	#	1324353	0	-1	0	827	1	1	3	2	4	3	5	3	475	2915	2440	0	0	1	1	3	2	4	3	5	3	2	2	2	2	2	2	2	1305	1725	2100	2500	2860	3250	3600	2310	2156	0	-1	6960	-1	-1	0	0	0
41	16	3	2	1	0	$	1413521	0	-1	0	816	2	1	4	1	3	5	2	1	420	2015	1595	0	0	3	1	4	1	3	5	2	1	2	2	2	2	2	2	2	1240	1525	1755	2010	2415	2540	2620	2310	2156	0	-1	6050	-1	-1	0	0	0
41	17	3	2	1	0	$	1413521	1	-1	0	665	2	1	4	1	3	5	2	1	755	2255	1500	0	0	2	1	4	1	3	5	2	1	2	2	2	2	2	2	2	1420	1685	1955	2440	2600	2635	2725	2310	2156	0	-1	6135	-1	-1	0	0	0
41	18	3	2	1	0	$	1413521	0	-1	0	840	7	1	4	1	3	5	2	1	660	1505	845	0	0	3	1	4	1	3	5	2	1	2	2	2	2	2	2	2	1500	1655	1815	1895	2030	2065	2150	2310	2156	0	-1	5560	-1	-1	0	0	0
41	19	3	2	1	1	$	1413521	0	2	5	833	1	1	4	5	3	5	2	1	520	3510	2990	0	0	1	1	4	5	3	5	2	1	2	2	2	2	2	2	2	1355	1775	2335	2840	3370	3845	4150	2310	2156	0	-1	7560	-1	-1	0	0	0
41	20	3	2	1	1	#	1324353	0	4	1	693	1	1	3	2	4	1	5	3	930	2405	1475	1	0	0	1	3	2	4	3	5	3	2	2	2	2	2	2	2	1625	1895	2350	2555	2700	2885	2950	2310	2156	0	-1	6315	-1	-1	0	0	0
41	21	3	2	1	0	#	1324353	1	-1	0	794	2	1	3	2	4	3	5	3	605	1590	985	0	0	3	1	3	2	4	3	5	3	2	2	2	2	2	2	2	1400	1570	1685	1830	1935	2085	2185	2310	2156	0	-1	5600	-1	-1	0	0	0
41	22	3	2	0	0	%	2121534	0	-1	0	848	1	2	1	2	1	5	3	4	500	3015	2515	0	0	1	2	1	2	1	5	3	4	2	2	2	2	2	2	2	1350	1685	2030	2415	2845	3285	3690	2310	2156	0	-1	7080	-1	-1	0	0	0
41	23	3	2	1	0	#	1324353	1	-1	0	967	7	1	3	2	4	3	5	3	925	1935	1010	0	0	3	1	3	2	4	3	5	3	2	2	2	2	2	2	2	1895	2030	2135	2290	2425	2600	2710	2310	2156	0	-1	6120	-1	-1	0	0	0
41	24	3	2	1	0	$	1413521	1	-1	0	926	1	1	4	1	3	5	2	1	315	1210	895	0	0	3	1	4	1	3	5	2	1	2	2	2	2	2	2	2	1245	1400	1540	1625	1760	1805	1910	2310	2156	0	-1	5355	-1	-1	0	0	0
42	1	3	2	1	0	$	1413521	0	-1	0	840	7	1	4	1	3	5	2	1	350	1225	875	0	0	3	1	4	1	3	5	2	1	2	2	2	2	2	2	2	1190	1335	1495	1620	1760	1810	1880	2241.75	2092.3	0	-1	5280	-1	-1	0	0	0
42	2	3	2	0	0	%	5341312	0	-1	0	772	2	5	3	4	1	3	1	2	850	2615	1765	0	0	1	5	3	4	1	3	1	2	2	2	2	2	2	2	2	1625	1790	2115	2415	2675	3105	3235	2241.75	2092.3	0	-1	6605	-1	-1	0	0	0
42	3	3	2	1	0	#	1324353	1	-1	0	967	7	1	3	2	4	3	5	3	375	1280	905	0	0	3	1	3	2	4	3	5	3	2	2	2	2	2	2	2	1345	1455	1570	1680	1820	1935	2065	2241.75	2092.3	0	-1	5465	-1	-1	0	0	0
42	4	3	2	1	0	#	1324353	1	-1	0	600	3	1	3	2	4	3	5	3	445	1365	920	0	0	3	1	3	2	4	3	5	3	2	2	2	2	2	2	2	1045	1165	1285	1415	1545	1680	1795	2241.75	2092.3	0	-1	5180	-1	-1	0	0	0
42	5	3	2	0	0	%	1531245	0	-1	0	960	2	1	5	3	1	2	4	5	595	2175	1580	0	0	2	1	5	3	1	2	4	5	2	2	2	2	2	2	2	1555	1715	1925	2180	2440	2695	2960	2241.75	2092.3	0	-1	6350	-1	-1	0	0	0
42	6	3	2	1	0	#	1324353	1	-1	0	600	3	1	3	2	4	3	5	3	450	1415	965	0	0	3	1	3	2	4	3	5	3	2	2	2	2	2	2	2	1050	1170	1280	1405	1550	1680	1805	2241.75	2092.3	0	-1	5230	-1	-1	0	0	0
42	7	3	2	1	0	#	1324353	0	-1	0	932	7	1	3	2	4	3	5	3	580	1645	1065	0	0	3	1	3	2	4	3	5	3	2	2	2	2	2	2	2	1515	1670	1825	2000	2130	2245	2390	2241.75	2092.3	0	-1	5795	-1	-1	0	0	0
42	8	3	2	0	0	%	4313542	0	-1	0	613	7	4	3	1	3	5	4	2	690	2775	2085	0	0	1	4	3	1	3	5	4	2	2	2	2	2	2	2	2	1305	1920	2220	2385	2680	2920	3235	2241.75	2092.3	0	-1	6605	-1	-1	0	0	0
42	9	3	2	1	1	#	1324353	0	2	1	818	2	1	3	1	4	3	5	3	560	2190	1630	0	0	2	1	3	1	4	3	5	3	2	2	2	2	2	2	2	1380	1540	1860	2275	2505	2715	2820	2241.75	2092.3	0	-1	6225	-1	-1	0	0	0
42	10	3	2	1	0	$	1413521	1	-1	0	665	2	1	4	1	3	5	2	1	400	1300	900	0	0	3	1	4	1	3	5	2	1	2	2	2	2	2	2	2	1065	1205	1355	1455	1570	1645	1740	2241.75	2092.3	0	-1	5180	-1	-1	0	0	0
42	11	3	2	1	0	$	1413521	0	-1	0	691	3	1	4	1	3	5	2	1	440	1585	1145	0	0	3	1	4	1	3	5	2	1	2	2	2	2	2	2	2	1135	1290	1455	1670	1855	1985	2055	2241.75	2092.3	0	-1	5495	-1	-1	0	0	0
42	12	3	2	1	0	#	1324353	0	-1	0	816	2	1	3	2	4	3	5	3	420	1725	1305	0	0	3	1	3	2	4	3	5	3	2	2	2	2	2	2	2	1240	1430	1610	1890	2130	2270	2380	2241.75	2092.3	0	-1	5760	-1	-1	0	0	0
42	13	3	2	0	0	%	1254143	0	-1	0	832	1	1	2	5	4	1	4	3	480	3350	2870	0	0	1	1	2	5	4	1	4	3	2	2	2	2	2	2	2	1315	1660	2150	2560	3115	3685	4025	2241.75	2092.3	0	-1	7400	-1	-1	0	0	0
42	14	3	2	1	0	$	1413521	0	-1	0	691	3	1	4	1	3	5	2	1	485	1575	1090	0	0	3	1	4	1	3	5	2	1	2	2	2	2	2	2	2	1180	1325	1510	1695	1890	2005	2050	2241.75	2092.3	0	-1	5485	-1	-1	0	0	0
42	15	3	2	1	1	#	1324353	0	2	5	737	1	1	3	5	4	3	5	3	515	3170	2655	0	0	1	1	3	5	4	3	5	3	2	2	2	2	2	2	2	1255	1575	2110	2580	3035	3455	3745	2241.75	2092.3	0	-1	7125	-1	-1	0	0	0
42	16	3	2	0	0	%	4215324	0	-1	0	918	3	4	2	1	5	3	2	4	575	2890	2315	1	0	0	4	2	1	5	4	4	4	2	2	2	2	2	2	2	1495	1670	1865	2105	2365	3270	3630	2241.75	2092.3	0	-1	7025	-1	-1	0	0	0
42	17	3	2	0	0	%	1523243	0	-1	0	892	3	1	5	2	3	2	4	3	535	2390	1855	0	0	1	1	5	2	3	2	4	3	2	2	2	2	2	2	2	1430	1720	2015	2320	2640	2905	3100	2241.75	2092.3	0	-1	6500	-1	-1	0	0	0
42	18	3	2	0	0	%	5341312	0	-1	0	772	2	5	3	4	1	3	1	2	705	2470	1765	0	0	1	5	3	4	1	3	1	2	2	2	2	2	2	2	2	1480	1665	1935	2265	2545	2910	3090	2241.75	2092.3	0	-1	6460	-1	-1	0	0	0
42	19	3	2	1	0	#	1324353	0	-1	0	816	2	1	3	2	4	3	5	3	485	1805	1320	0	0	3	1	3	2	4	3	5	3	2	2	2	2	2	2	2	1305	1470	1785	2035	2205	2345	2450	2241.75	2092.3	0	-1	5840	-1	-1	0	0	0
42	20	3	2	1	1	#	1324353	0	3	1	683	7	1	3	2	1	3	5	3	530	2225	1695	0	0	2	1	3	2	1	3	5	3	2	2	2	2	2	2	2	1215	1370	2060	2215	2505	2645	2740	2241.75	2092.3	0	-1	6125	-1	-1	0	0	0
42	21	3	2	0	0	%	1251354	0	-1	0	783	7	1	2	5	1	3	5	4	600	2030	1430	0	0	3	1	2	5	1	3	5	4	2	2	2	2	2	2	2	1385	1565	1785	2030	2215	2475	2610	2241.75	2092.3	0	-1	6030	-1	-1	0	0	0
42	22	3	2	0	0	%	1254143	0	-1	0	832	1	1	2	5	4	1	4	3	490	3220	2730	0	0	1	1	2	5	4	1	4	3	2	2	2	2	2	2	2	1325	1685	2145	2570	3075	3505	3870	2241.75	2092.3	0	-1	7270	-1	-1	0	0	0
42	23	3	2	1	0	$	1413521	1	-1	0	792	7	1	4	1	3	5	2	1	715	3000	2285	1	0	0	1	3	1	2	4	3	5	2	2	2	2	2	2	2	1510	1760	2600	2960	3320	3410	3570	2241.75	2092.3	0	-1	7010	-1	-1	0	0	0
42	24	3	2	1	0	$	1413521	0	-1	0	691	3	1	4	1	3	5	2	1	480	1700	1220	0	0	3	1	4	1	3	5	2	1	2	2	2	2	2	2	2	1175	1350	1530	1705	1980	2045	2170	2241.75	2092.3	0	-1	5610	-1	-1	0	0	0
43	1	3	2	0	0	%	1254143	0	-1	0	832	1	1	2	5	4	1	4	3	470	3270	2800	0	0	1	1	2	5	4	1	4	3	2	2	2	2	2	2	2	1305	1735	2205	2605	3170	3650	3945	2100	1960	0	-1	7320	-1	-1	0	0	0
43	2	3	2	1	0	#	1324353	0	-1	0	932	7	1	3	2	4	3	5	3	450	1540	1090	0	0	3	1	3	2	4	3	5	3	2	2	2	2	2	2	2	1385	1540	1715	1915	2030	2185	2305	2100	1960	0	-1	5690	-1	-1	0	0	0
43	3	3	2	1	1	$	1413521	0	3	2	683	7	1	4	1	2	5	2	1	480	2125	1645	0	0	1	1	4	1	2	5	2	1	2	2	2	2	2	2	2	1165	1330	1510	1890	2180	2495	2625	2100	1960	0	-1	6025	-1	-1	0	0	0
43	4	3	2	0	0	%	5341312	0	-1	0	772	2	5	3	4	1	3	1	2	745	2430	1685	0	0	1	5	3	4	1	3	1	2	2	2	2	2	2	2	2	1520	1750	2040	2320	2525	2925	3065	2100	1960	0	-1	6420	-1	-1	0	0	0
43	5	3	2	1	0	#	1324353	0	-1	0	863	3	1	3	2	4	3	5	3	490	2245	1755	0	0	1	1	3	2	4	3	5	3	2	2	2	2	2	2	2	1355	1535	1920	2125	2320	2830	2920	2100	1960	0	-1	6325	-1	-1	0	0	0
43	6	3	2	1	0	$	1413521	0	-1	0	840	7	1	4	1	3	5	2	1	470	1460	990	0	0	3	1	4	1	3	5	2	1	2	2	2	2	2	2	2	1310	1495	1665	1795	1945	2010	2090	2100	1960	0	-1	5515	-1	-1	0	0	0
43	7	3	2	0	0	%	5341312	0	-1	0	772	2	5	3	4	1	3	1	2	660	2245	1585	0	0	1	5	3	4	1	3	1	2	2	2	2	2	2	2	2	1435	1635	1870	2145	2400	2760	2875	2100	1960	0	-1	6235	-1	-1	0	0	0
43	8	3	2	1	0	$	1413521	1	-1	0	955	3	1	4	1	3	5	2	1	565	1480	915	0	0	3	1	4	1	3	5	2	1	2	2	2	2	2	2	2	1520	1705	1855	1950	2095	2125	2230	2100	1960	0	-1	5650	-1	-1	0	0	0
43	9	3	2	0	0	%	1251354	0	-1	0	783	7	1	2	5	1	3	5	4	605	1975	1370	0	0	2	1	2	5	1	3	5	4	2	2	2	2	2	2	2	1390	1570	1775	1990	2180	2385	2545	2100	1960	0	-1	5975	-1	-1	0	0	0
43	10	3	2	1	0	$	1413521	0	-1	0	816	2	1	4	1	3	5	2	1	475	2465	1990	1	0	0	1	4	1	3	5	1	1	2	2	2	2	2	2	2	1295	1500	1715	2025	2330	2470	3000	2100	1960	0	-1	6500	-1	-1	0	0	0
43	11	3	2	0	0	%	2121534	0	-1	0	848	1	2	1	2	1	5	3	4	605	3390	2785	0	0	1	2	1	2	1	5	3	4	2	2	2	2	2	2	2	1455	1805	2200	2725	3205	3715	4080	2100	1960	0	-1	7455	-1	-1	0	0	0
43	12	3	2	0	0	%	1523243	0	-1	0	892	3	1	5	2	3	2	4	3	715	2665	1950	0	0	1	1	5	2	3	2	4	3	2	2	2	2	2	2	2	1610	1980	2380	2725	3085	3300	3410	2100	1960	0	-1	6775	-1	-1	0	0	0
43	13	3	2	1	0	$	1413521	1	-1	0	792	7	1	4	1	3	5	2	1	365	1255	890	0	0	3	1	4	1	3	5	2	1	2	2	2	2	2	2	2	1160	1315	1445	1540	1680	1745	1835	2100	1960	0	-1	5265	-1	-1	0	0	0
43	14	3	2	0	0	%	2121534	0	-1	0	848	1	2	1	2	1	5	3	4	670	3475	2805	0	0	1	2	1	2	1	5	3	4	2	2	2	2	2	2	2	1520	1920	2270	2690	3155	3685	4125	2100	1960	0	-1	7540	-1	-1	0	0	0
43	15	3	2	0	0	%	1251354	0	-1	0	783	7	1	2	5	1	3	5	4	720	2435	1715	0	0	1	1	2	5	1	3	5	4	2	2	2	2	2	2	2	1505	1715	1990	2230	2580	2890	3010	2100	1960	0	-1	6435	-1	-1	0	0	0
43	16	3	2	1	0	#	1324353	1	-1	0	794	2	1	3	2	4	3	5	3	630	1900	1270	0	0	3	1	3	2	4	3	5	3	2	2	2	2	2	2	2	1425	1825	1975	2120	2250	2380	2505	2100	1960	0	-1	5910	-1	-1	0	0	0
43	17	3	2	0	0	%	1531245	0	-1	0	960	2	1	5	3	1	2	4	5	495	2485	1990	0	0	1	1	5	3	1	2	4	5	2	2	2	2	2	2	2	1455	1750	2050	2400	2665	3025	3280	2100	1960	0	-1	6660	-1	-1	0	0	0
43	18	3	2	1	0	$	1413521	1	-1	0	792	7	1	4	1	3	5	2	1	990	1945	955	0	0	3	1	4	1	3	5	2	1	2	2	2	2	2	2	2	1785	1945	2105	2195	2365	2405	2535	2100	1960	0	-1	5955	-1	-1	0	0	0
43	19	3	2	1	0	$	1413521	1	-1	0	665	2	1	4	1	3	5	2	1	500	1370	870	0	0	3	1	4	1	3	5	2	1	2	2	2	2	2	2	2	1165	1320	1460	1555	1695	1750	1830	2100	1960	0	-1	5250	-1	-1	0	0	0
43	20	3	2	1	1	$	1413521	0	2	2	836	7	1	4	2	3	5	2	1	560	2150	1590	0	0	1	1	4	2	3	5	2	1	2	2	2	2	2	2	2	1400	1645	1885	2145	2310	2590	2750	2100	1960	0	-1	6205	-1	-1	0	0	0
43	21	3	2	1	0	$	1413521	0	-1	0	691	3	1	4	1	3	5	2	1	610	1655	1045	0	0	3	1	4	1	3	5	2	1	2	2	2	2	2	2	2	1305	1480	1640	1765	2005	2035	2140	2100	1960	0	-1	5565	-1	-1	0	0	0
43	22	3	2	1	1	#	1324353	0	4	2	948	7	1	3	2	4	2	5	3	440	2080	1640	1	0	0	1	3	2	4	3	5	3	2	2	2	2	2	2	2	1390	1590	1790	1980	2100	2660	2805	2100	1960	0	-1	6245	-1	-1	0	0	0
43	23	3	2	1	0	#	1324353	0	-1	0	863	3	1	3	2	4	3	5	3	530	1985	1455	0	0	2	1	3	2	4	3	5	3	2	2	2	2	2	2	2	1395	1620	1825	2160	2425	2580	2660	2100	1960	0	-1	6065	-1	-1	0	0	0
43	24	3	2	1	0	$	1413521	1	-1	0	926	1	1	4	1	3	5	2	1	450	1355	905	0	0	3	1	4	1	3	5	2	1	2	2	2	2	2	2	2	1380	1530	1670	1760	1955	1960	2055	2100	1960	0	-1	5500	-1	-1	0	0	0
44	1	3	2	0	0	%	1534231	0	-1	0	607	2	1	5	3	4	2	3	1	545	2415	1870	0	0	1	1	5	3	4	2	3	1	2	2	2	2	2	2	2	1155	1375	1680	1970	2260	2575	2835	2100	1960	0	-1	6240	-1	-1	0	0	0
44	2	3	2	1	0	#	1324353	0	-1	0	754	1	1	3	2	4	3	5	3	410	2265	1855	0	0	1	1	3	2	4	3	5	3	2	2	2	2	2	2	2	1165	1365	1715	2105	2395	2665	2850	2100	1960	0	-1	6235	-1	-1	0	0	0
44	3	3	2	1	0	#	1324353	0	-1	0	754	1	1	3	2	4	3	5	3	435	2320	1885	0	0	1	1	3	2	4	3	5	3	2	2	2	2	2	2	2	1190	1500	1810	2205	2520	2780	2910	2100	1960	0	-1	6290	-1	-1	0	0	0
44	4	3	2	0	0	%	3512154	0	-1	0	910	1	3	5	1	2	1	5	4	675	3540	2865	0	0	1	3	5	1	2	1	5	4	2	2	2	2	2	2	2	1585	2000	2565	2955	3420	3950	4285	2100	1960	0	-1	7665	-1	-1	0	0	0
44	5	3	2	1	1	$	1413521	0	2	5	900	2	1	4	5	3	5	2	1	635	3535	2900	1	0	0	1	4	3	3	5	2	1	2	2	2	2	2	2	2	1535	1795	2115	2965	3600	4000	4210	2100	1960	0	-1	7650	-1	-1	0	0	0
44	6	3	2	1	0	$	1413521	1	-1	0	653	2	1	4	1	3	5	2	1	475	1315	840	0	0	3	1	4	1	3	5	2	1	2	2	2	2	2	2	2	1130	1270	1440	1510	1645	1700	1785	2100	1960	0	-1	5185	-1	-1	0	0	0
44	7	3	2	1	1	#	1324353	0	2	1	867	1	1	3	1	4	3	5	3	530	2415	1885	1	0	0	1	3	2	4	3	5	3	2	2	2	2	2	2	2	1400	1605	1945	2595	2830	3000	3115	2100	1960	0	-1	6500	-1	-1	0	0	0
44	8	3	2	1	1	#	1324353	0	3	5	887	1	1	3	2	5	3	5	3	540	3780	3240	1	0	0	1	3	2	5	4	5	3	2	2	2	2	2	2	2	1430	1800	2180	2765	3235	3955	4440	2100	1960	0	-1	7885	-1	-1	0	0	0
44	9	3	2	1	0	$	1413521	1	-1	0	653	2	1	4	1	3	5	2	1	560	1430	870	0	0	3	1	4	1	3	5	2	1	2	2	2	2	2	2	2	1215	1380	1540	1610	1790	1805	1890	2100	1960	0	-1	5300	-1	-1	0	0	0
44	10	3	2	1	0	$	1413521	0	-1	0	731	3	1	4	1	3	5	2	1	575	1595	1020	0	0	3	1	4	1	3	5	2	1	2	2	2	2	2	2	2	1310	1505	1675	1835	2020	2045	2125	2100	1960	0	-1	5545	-1	-1	0	0	0
44	11	3	2	0	0	%	1435324	0	-1	0	819	3	1	4	3	5	3	2	4	575	2980	2405	0	0	1	1	4	3	5	3	2	4	2	2	2	2	2	2	2	1395	1680	2240	2865	3190	3485	3635	2100	1960	0	-1	7015	-1	-1	0	0	0
44	12	3	2	1	1	#	1324353	0	4	1	875	3	1	3	2	4	1	5	3	520	2435	1915	0	0	1	1	3	2	4	1	5	3	2	2	2	2	2	2	2	1395	1660	1840	2145	2575	3015	3140	2100	1960	0	-1	6525	-1	-1	0	0	0
44	13	3	2	1	0	#	1324353	0	-1	0	813	2	1	3	2	4	3	5	3	530	1990	1460	0	0	2	1	3	2	4	3	5	3	2	2	2	2	2	2	2	1345	1565	1795	2090	2290	2485	2600	2100	1960	0	-1	6020	-1	-1	0	0	0
44	14	3	2	1	0	#	1324353	1	-1	0	701	7	1	3	2	4	3	5	3	405	1450	1045	0	0	3	1	3	2	4	3	5	3	2	2	2	2	2	2	2	1110	1275	1440	1590	1695	1850	1950	2100	1960	0	-1	5370	-1	-1	0	0	0
44	15	3	2	1	0	#	1324353	1	-1	0	701	7	1	3	2	4	3	5	3	445	1495	1050	0	0	3	1	3	2	4	3	5	3	2	2	2	2	2	2	2	1150	1300	1450	1615	1710	1885	1990	2100	1960	0	-1	5415	-1	-1	0	0	0
44	16	3	2	0	0	%	3243135	0	-1	0	661	3	3	2	4	3	1	3	5	845	2405	1560	0	0	1	3	2	4	3	1	3	5	2	2	2	2	2	2	2	1510	1730	1965	2140	2450	2670	2870	2100	1960	0	-1	6285	-1	-1	0	0	0
44	17	3	2	1	0	$	1413521	1	-1	0	653	2	1	4	1	3	5	2	1	745	1715	970	1	0	0	1	4	1	3	2	5	1	2	2	2	2	2	2	2	1400	1610	1805	1885	2070	2075	2165	2100	1960	0	-1	5585	-1	-1	0	0	0
44	18	3	2	1	0	#	1324353	0	-1	0	643	3	1	3	2	4	3	5	3	590	1765	1175	0	0	3	1	3	2	4	3	5	3	2	2	2	2	2	2	2	1235	1420	1575	1795	1950	2110	2225	2100	1960	0	-1	5625	-1	-1	0	0	0
44	19	3	2	1	0	$	1413521	0	-1	0	851	7	1	4	1	3	5	2	1	500	1565	1065	0	0	3	1	4	1	3	5	2	1	2	2	2	2	2	2	2	1355	1545	1775	1915	2080	2115	2195	2100	1960	0	-1	5635	-1	-1	0	0	0
44	20	3	2	1	0	#	1324353	0	-1	0	754	1	1	3	2	4	3	5	3	480	2625	2145	0	0	1	1	3	2	4	3	5	3	2	2	2	2	2	2	2	1235	1705	2035	2415	2725	3050	3190	2100	1960	0	-1	6595	-1	-1	0	0	0
44	21	3	2	1	0	$	1413521	0	-1	0	903	1	1	4	1	3	5	2	1	540	2440	1900	0	0	1	1	4	1	3	5	2	1	2	2	2	2	2	2	2	1445	1785	2145	2395	2725	2995	3130	2100	1960	0	-1	6560	-1	-1	0	0	0
44	22	3	2	1	0	#	1324353	1	-1	0	666	2	1	3	2	4	3	5	3	545	3020	2475	1	0	0	1	4	2	3	4	3	5	2	2	2	2	2	2	2	1215	1585	2645	2855	3150	3265	3390	2100	1960	0	-1	6905	-1	-1	0	0	0
44	23	3	2	1	0	#	1324353	1	-1	0	701	7	1	3	2	4	3	5	3	1000	2435	1435	0	0	1	1	3	2	4	3	5	3	2	2	2	2	2	2	2	1705	1925	2405	2585	2680	2850	2935	2100	1960	0	-1	6355	-1	-1	0	0	0
44	24	3	2	1	1	$	1413521	0	4	4	888	3	1	4	1	3	4	2	1	465	1625	1160	1	0	0	1	4	1	3	5	2	1	2	2	2	2	2	2	2	1355	1525	1745	1885	2120	2195	2310	2100	1960	0	-1	5730	-1	-1	0	0	0
45	1	3	2	1	0	#	1324353	1	-1	0	942	1	1	3	2	4	3	5	3	340	1350	1010	0	0	3	1	3	2	4	3	5	3	2	2	2	2	2	2	2	1285	1430	1570	1725	1860	1990	2110	2100	1960	0	-1	5510	-1	-1	0	0	0
45	2	3	2	1	0	#	1324353	1	-1	0	701	7	1	3	2	4	3	5	3	420	1350	930	0	0	3	1	3	2	4	3	5	3	2	2	2	2	2	2	2	1125	1250	1370	1510	1635	1775	1875	2100	1960	0	-1	5270	-1	-1	0	0	0
45	3	3	2	1	0	#	1324353	0	-1	0	657	7	1	3	2	4	3	5	3	305	1350	1045	0	0	3	1	3	2	4	3	5	3	2	2	2	2	2	2	2	965	1095	1235	1425	1565	1755	1855	2100	1960	0	-1	5225	-1	-1	0	0	0
45	4	3	2	1	0	$	1413521	0	-1	0	709	2	1	4	1	3	5	2	1	340	1925	1585	1	0	0	1	4	1	3	2	1	1	2	2	2	2	2	2	2	1050	1205	1470	1630	1865	1950	2465	2100	1960	0	-1	5850	-1	-1	0	0	0
45	5	3	2	1	0	#	1324353	1	-1	0	942	1	1	3	2	4	3	5	3	375	1275	900	0	0	3	1	3	2	4	3	5	3	2	2	2	2	2	2	2	1320	1450	1555	1695	1830	1940	2055	2100	1960	0	-1	5435	-1	-1	0	0	0
45	6	3	2	0	0	%	4135124	0	-1	0	760	7	4	1	3	5	1	2	4	905	2330	1425	0	0	1	4	1	3	5	1	2	4	2	2	2	2	2	2	2	1665	1875	2050	2295	2570	2730	2900	2100	1960	0	-1	6305	-1	-1	0	0	0
45	7	3	2	1	0	#	1324353	0	-1	0	813	2	1	3	2	4	3	5	3	425	1715	1290	0	0	3	1	3	2	4	3	5	3	2	2	2	2	2	2	2	1240	1415	1630	1900	2100	2260	2365	2100	1960	0	-1	5745	-1	-1	0	0	0
45	8	3	2	1	0	#	1324353	0	-1	0	643	3	1	3	2	4	3	5	3	535	1755	1220	0	0	3	1	3	2	4	3	5	3	2	2	2	2	2	2	2	1180	1365	1560	1795	1970	2145	2235	2100	1960	0	-1	5615	-1	-1	0	0	0
45	9	3	2	1	0	#	1324353	0	-1	0	657	7	1	3	2	4	3	5	3	485	1680	1195	0	0	3	1	3	2	4	3	5	3	2	2	2	2	2	2	2	1145	1325	1530	1775	1920	2065	2160	2100	1960	0	-1	5555	-1	-1	0	0	0
45	10	3	2	1	0	$	1413521	1	-1	0	609	3	1	4	1	3	5	2	1	740	1680	940	0	0	3	1	4	1	3	5	2	1	2	2	2	2	2	2	2	1350	1560	1725	1835	1940	2030	2115	2100	1960	0	-1	5505	-1	-1	0	0	0
45	11	3	2	0	0	%	4135124	0	-1	0	760	7	4	1	3	5	1	2	4	645	2460	1815	0	0	1	4	1	3	5	1	2	4	2	2	2	2	2	2	2	1405	1620	1985	2250	2625	2830	3025	2100	1960	0	-1	6435	-1	-1	0	0	0
45	12	3	2	1	0	$	1413521	0	-1	0	731	3	1	4	1	3	5	2	1	535	1705	1170	0	0	3	1	4	1	3	5	2	1	2	2	2	2	2	2	2	1270	1450	1700	1865	2065	2160	2260	2100	1960	0	-1	5655	-1	-1	0	0	0
45	13	3	2	1	0	$	1413521	0	-1	0	851	7	1	4	1	3	5	2	1	445	1580	1135	0	0	3	1	4	1	3	5	2	1	2	2	2	2	2	2	2	1300	1525	1750	1955	2100	2155	2255	2100	1960	0	-1	5650	-1	-1	0	0	0
45	14	3	2	1	0	#	1324353	1	-1	0	666	2	1	3	2	4	3	5	3	440	1510	1070	0	0	3	1	3	2	4	3	5	3	2	2	2	2	2	2	2	1110	1305	1485	1640	1755	1890	2000	2100	1960	0	-1	5395	-1	-1	0	0	0
45	15	3	2	1	1	$	1413521	0	4	1	823	1	1	4	1	3	1	2	1	470	2915	2445	1	0	0	1	4	1	3	5	2	1	2	2	2	2	2	2	2	1295	1600	1905	2125	2350	3285	3560	2100	1960	0	-1	6955	-1	-1	0	0	0
45	16	3	2	1	0	$	1413521	0	-1	0	851	7	1	4	1	3	5	2	1	520	1580	1060	0	0	3	1	4	1	3	5	2	1	2	2	2	2	2	2	2	1375	1600	1780	1935	2080	2150	2220	2100	1960	0	-1	5650	-1	-1	0	0	0
45	17	3	2	1	0	$	1413521	0	-1	0	731	3	1	4	1	3	5	2	1	510	2035	1525	1	0	0	1	4	1	3	5	1	2	2	2	2	2	2	2	2	1245	1475	1740	1965	2170	2365	2470	2100	1960	0	-1	5985	-1	-1	0	0	0
45	18	3	2	1	0	#	1324353	1	-1	0	942	1	1	3	2	4	3	5	3	490	2870	2380	1	0	0	3	2	4	3	5	3	3	2	2	2	2	2	2	2	1435	2525	2715	2875	3040	3180	3635	2100	1960	0	-1	7030	-1	-1	0	0	0
45	19	3	2	1	0	#	1324353	0	-1	0	754	1	1	3	2	4	3	5	3	530	2630	2100	0	0	1	1	3	2	4	3	5	3	2	2	2	2	2	2	2	1285	1600	1960	2325	2645	2965	3165	2100	1960	0	-1	6600	-1	-1	0	0	0
45	20	3	2	1	1	#	1324353	0	3	5	885	3	1	3	2	5	3	5	3	510	2305	1795	0	0	1	1	3	2	5	3	5	3	2	2	2	2	2	2	2	1395	1690	2000	2415	2725	2890	3005	2100	1960	0	-1	6405	-1	-1	0	0	0
45	21	3	2	0	0	%	5142313	0	-1	0	930	1	5	1	4	2	3	1	3	495	3495	3000	0	0	1	5	1	4	2	3	1	3	2	2	2	2	2	2	2	1425	1885	2425	2860	3290	3840	4245	2100	1960	0	-1	7640	-1	-1	0	0	0
45	22	3	2	1	0	$	1413521	1	-1	0	610	1	1	4	1	3	5	2	1	675	1760	1085	0	0	3	1	4	1	3	5	2	1	2	2	2	2	2	2	2	1285	1540	1745	1860	2010	2055	2140	2100	1960	0	-1	5585	-1	-1	0	0	0
45	23	3	2	1	1	#	1324353	0	3	1	704	2	1	3	2	1	3	5	3	530	2430	1900	0	0	1	1	3	2	1	3	5	3	2	2	2	2	2	2	2	1235	1525	1820	2280	2615	2825	2950	2100	1960	0	-1	6350	-1	-1	0	0	0
45	24	3	2	1	1	$	1413521	0	3	2	889	2	1	4	1	2	5	2	1	345	2380	2035	0	0	1	1	4	1	2	5	2	1	2	2	2	2	2	2	2	1235	1500	1725	2185	2555	2950	3080	2100	1960	0	-1	6485	-1	-1	0	0	0
46	1	3	2	1	1	$	1413521	0	2	2	737	7	1	4	2	3	5	2	1	490	2245	1755	0	0	1	1	4	2	3	5	2	1	2	2	2	2	2	2	2	1230	1525	1915	2205	2485	2700	2815	2100	1960	0	-1	6200	-1	-1	0	0	0
46	2	3	2	1	0	$	1413521	0	-1	0	731	3	1	4	1	3	5	2	1	570	1825	1255	0	0	3	1	4	1	3	5	2	1	2	2	2	2	2	2	2	1305	1515	1750	1950	2115	2250	2370	2100	1960	0	-1	5775	-1	-1	0	0	0
46	3	3	2	1	0	$	1413521	1	-1	0	609	3	1	4	1	3	5	2	1	690	1655	965	0	0	3	1	4	1	3	5	2	1	2	2	2	2	2	2	2	1300	1490	1660	1775	1925	1970	2060	2100	1960	0	-1	5480	-1	-1	0	0	0
46	4	3	2	1	0	$	1413521	1	-1	0	609	3	1	4	1	3	5	2	1	475	1995	1520	1	0	0	1	4	1	3	2	1	1	2	2	2	2	2	2	2	1085	1270	1440	1575	1810	1920	2400	2100	1960	0	-1	5820	-1	-1	0	0	0
46	5	3	2	1	0	$	1413521	1	-1	0	845	7	1	4	1	3	5	2	1	415	1875	1460	0	0	3	1	4	1	3	5	2	1	2	2	2	2	2	2	2	1260	1455	1645	2075	2265	2405	2535	2100	1960	0	-1	5935	-1	-1	0	0	0
46	6	3	2	0	0	%	4135124	0	-1	0	760	7	4	1	3	5	1	2	4	860	2970	2110	0	0	1	4	1	3	5	1	2	4	2	2	2	2	2	2	2	1620	1905	2200	2555	2880	3395	3585	2100	1960	0	-1	6945	-1	-1	0	0	0
46	7	3	2	1	1	#	1324353	0	4	1	826	2	1	3	2	4	1	5	3	480	2920	2440	0	0	1	1	3	2	4	1	5	3	2	2	2	2	2	2	2	1310	1700	1965	2320	2675	3270	3575	2100	1960	0	-1	6965	-1	-1	0	0	0
46	8	3	2	0	0	%	5253421	0	-1	0	706	7	5	2	5	3	4	2	1	925	2760	1835	0	0	1	5	2	5	3	4	2	1	2	2	2	2	2	2	2	1635	1905	2190	2510	2865	3135	3285	2100	1960	0	-1	6685	-1	-1	0	0	0
46	9	3	2	1	0	#	1324353	1	-1	0	701	7	1	3	2	4	3	5	3	825	3000	2175	0	0	1	1	3	2	4	3	5	3	2	2	2	2	2	2	2	1530	2595	2920	3085	3220	3385	3535	2100	1960	0	-1	6920	-1	-1	0	0	0
46	10	3	2	1	0	$	1413521	0	-1	0	709	2	1	4	1	3	5	2	1	570	1920	1350	0	0	3	1	4	1	3	5	2	1	2	2	2	2	2	2	2	1280	1530	1775	2005	2195	2385	2495	2100	1960	0	-1	5845	-1	-1	0	0	0
46	11	3	2	0	0	%	1435324	0	-1	0	819	3	1	4	3	5	3	2	4	640	2740	2100	0	0	1	1	4	3	5	3	2	4	2	2	2	2	2	2	2	1460	1730	2175	2535	2935	3255	3395	2100	1960	0	-1	6775	-1	-1	0	0	0
46	12	3	2	1	1	$	1413521	0	3	4	831	1	1	4	1	4	5	2	1	350	2640	2290	1	0	0	1	4	1	3	5	2	1	2	2	2	2	2	2	2	1185	1520	1795	2080	2885	3125	3265	2100	1960	0	-1	6690	-1	-1	0	0	0
46	13	3	2	1	1	#	1324353	0	3	5	699	7	1	3	2	5	3	5	3	355	2175	1820	0	0	1	1	3	2	5	3	5	3	2	2	2	2	2	2	2	1055	1375	1815	2230	2485	2615	2715	2100	1960	0	-1	6090	-1	-1	0	0	0
46	14	3	2	1	1	$	1413521	0	4	4	995	7	1	4	1	3	4	2	1	510	2250	1740	0	0	1	1	4	1	3	4	2	1	2	2	2	2	2	2	2	1505	1705	1915	2205	2690	2955	3050	2100	1960	0	-1	6460	-1	-1	0	0	0
46	15	3	2	1	1	#	1324353	0	2	5	795	2	1	3	5	4	3	5	3	485	2205	1720	0	0	1	1	3	5	4	3	5	3	2	2	2	2	2	2	2	1280	1485	1885	2210	2505	2720	2830	2100	1960	0	-1	6215	-1	-1	0	0	0
46	16	3	2	1	0	$	1413521	0	-1	0	903	1	1	4	1	3	5	2	1	325	2045	1720	0	0	2	1	4	1	3	5	2	1	2	2	2	2	2	2	2	1230	1495	1785	2100	2365	2655	2770	2100	1960	0	-1	6165	-1	-1	0	0	0
46	17	3	2	0	0	%	3512154	0	-1	0	910	1	3	5	1	2	1	5	4	485	3515	3030	0	0	1	3	5	1	2	1	5	4	2	2	2	2	2	2	2	1395	1810	2450	2880	3375	3900	4260	2100	1960	0	-1	7640	-1	-1	0	0	0
46	18	3	2	0	0	%	4135124	0	-1	0	760	7	4	1	3	5	1	2	4	845	2950	2105	0	0	1	4	1	3	5	1	2	4	2	2	2	2	2	2	2	1605	1945	2320	2690	3045	3305	3525	2100	1960	0	-1	6925	-1	-1	0	0	0
46	19	3	2	1	0	#	1324353	1	-1	0	896	3	1	3	2	4	3	5	3	405	1480	1075	0	0	3	1	3	2	4	3	5	3	2	2	2	2	2	2	2	1305	1510	1680	1830	1960	2075	2210	2100	1960	0	-1	5595	-1	-1	0	0	0
46	20	3	2	0	0	%	5142313	0	-1	0	930	1	5	1	4	2	3	1	3	535	3510	2975	0	0	1	5	1	4	2	3	1	3	2	2	2	2	2	2	2	1465	1955	2435	2875	3295	3820	4230	2100	1960	0	-1	7655	-1	-1	0	0	0
46	21	3	2	0	0	%	1435324	0	-1	0	819	3	1	4	3	5	3	2	4	600	2540	1940	0	0	1	1	4	3	5	3	2	4	2	2	2	2	2	2	2	1420	1695	2075	2460	2770	3035	3180	2100	1960	0	-1	6575	-1	-1	0	0	0
46	22	3	2	0	0	%	1534231	0	-1	0	607	2	1	5	3	4	2	3	1	505	2705	2200	0	0	1	1	5	3	4	2	3	1	2	2	2	2	2	2	2	1115	1465	1840	2190	2505	2785	3120	2100	1960	0	-1	6530	-1	-1	0	0	0
46	23	3	2	0	0	%	1435324	0	-1	0	819	3	1	4	3	5	3	2	4	625	2645	2020	0	0	1	1	4	3	5	3	2	4	2	2	2	2	2	2	2	1445	1695	1990	2305	2590	2885	3115	2100	1960	0	-1	6680	-1	-1	0	0	0
46	24	3	2	0	0	%	1534231	0	-1	0	607	2	1	5	3	4	2	3	1	500	2455	1955	0	0	1	1	5	3	4	2	3	1	2	2	2	2	2	2	2	1110	1380	1650	1940	2235	2495	2795	2100	1960	0	-1	6280	-1	-1	0	0	0
47	1	3	2	1	0	$	1413521	1	-1	0	610	1	1	4	1	3	5	2	1	540	2075	1535	1	0	0	1	4	1	3	2	1	1	2	2	2	2	2	2	2	1150	1365	1530	1625	1830	1920	2435	2100	1960	0	-1	5900	-1	-1	0	0	0
47	2	3	2	0	0	%	1312453	0	-1	0	804	2	1	3	1	2	4	5	3	490	2205	1715	0	0	1	1	3	1	2	4	5	3	2	2	2	2	2	2	2	1295	1485	1820	2060	2345	2615	2850	2100	1960	0	-1	6225	-1	-1	0	0	0
47	3	3	2	1	0	#	1324353	1	-1	0	942	1	1	3	2	4	3	5	3	580	2170	1590	0	0	1	1	3	2	4	3	5	3	2	2	2	2	2	2	2	1525	2295	2445	2600	2710	2830	2950	2100	1960	0	-1	6330	-1	-1	0	0	0
47	4	3	2	0	0	%	1435324	0	-1	0	819	3	1	4	3	5	3	2	4	525	2520	1995	1	0	0	1	4	3	5	2	2	4	2	2	2	2	2	2	2	1345	1630	1855	2075	2340	3020	3180	2100	1960	0	-1	6555	-1	-1	0	0	0
47	5	3	2	1	1	$	1413521	0	4	1	778	2	1	4	1	3	1	2	1	425	2110	1685	0	0	1	1	4	1	3	1	2	1	2	2	2	2	2	2	2	1205	1435	1650	1850	2345	2595	2760	2100	1960	0	-1	6105	-1	-1	0	0	0
47	6	3	2	1	0	$	1413521	0	-1	0	851	7	1	4	1	3	5	2	1	430	1705	1275	0	0	3	1	4	1	3	5	2	1	2	2	2	2	2	2	2	1285	1475	1665	2085	2230	2305	2410	2100	1960	0	-1	5775	-1	-1	0	0	0
47	7	3	2	1	0	#	1324353	1	-1	0	666	2	1	3	2	4	3	5	3	410	1790	1380	0	0	3	1	3	2	4	3	5	3	2	2	2	2	2	2	2	1080	1230	1335	1485	1610	1710	2310	2100	1960	0	-1	5675	-1	-1	0	0	0
47	8	3	2	0	0	%	1534231	0	-1	0	607	2	1	5	3	4	2	3	1	515	2180	1665	0	0	1	1	5	3	4	2	3	1	2	2	2	2	2	2	2	1125	1340	1615	1875	2175	2405	2685	2100	1960	0	-1	6005	-1	-1	0	0	0
47	9	3	2	0	0	%	1312453	0	-1	0	804	2	1	3	1	2	4	5	3	475	2360	1885	0	0	1	1	3	1	2	4	5	3	2	2	2	2	2	2	2	1280	1490	1820	2155	2455	2810	3025	2100	1960	0	-1	6380	-1	-1	0	0	0
47	10	3	2	0	0	%	5253421	0	-1	0	706	7	5	2	5	3	4	2	1	685	2130	1445	0	0	1	5	2	5	3	4	2	1	2	2	2	2	2	2	2	1395	1575	1800	2065	2345	2565	2705	2100	1960	0	-1	6055	-1	-1	0	0	0
47	11	3	2	1	0	$	1413521	1	-1	0	845	7	1	4	1	3	5	2	1	480	1835	1355	0	0	3	1	4	1	3	5	2	1	2	2	2	2	2	2	2	1325	1615	1915	2105	2320	2325	2480	2100	1960	0	-1	5895	-1	-1	0	0	0
47	12	3	2	1	0	#	1324353	0	-1	0	813	2	1	3	2	4	3	5	3	420	1765	1345	0	0	3	1	3	2	4	3	5	3	2	2	2	2	2	2	2	1235	1410	1600	1865	2095	2315	2425	2100	1960	0	-1	5795	-1	-1	0	0	0
47	13	3	2	1	1	$	1413521	0	2	2	677	1	1	4	2	3	5	2	1	500	2985	2485	1	0	0	1	4	1	3	5	2	1	2	2	2	2	2	2	2	1180	1470	1660	2400	2850	3215	3500	2100	1960	0	-1	6880	-1	-1	0	0	0
47	14	3	2	0	0	%	5142313	0	-1	0	930	1	5	1	4	2	3	1	3	495	3605	3110	0	0	1	5	1	4	2	3	1	3	2	2	2	2	2	2	2	1425	1940	2390	2840	3265	3905	4320	2100	1960	0	-1	7750	-1	-1	0	0	0
47	15	3	2	0	0	%	3243135	0	-1	0	661	3	3	2	4	3	1	3	5	830	2175	1345	0	0	1	3	2	4	3	1	3	5	2	2	2	2	2	2	2	1495	1655	1860	2050	2345	2500	2655	2100	1960	0	-1	6055	-1	-1	0	0	0
47	16	3	2	0	0	%	5253421	0	-1	0	706	7	5	2	5	3	4	2	1	580	2055	1475	0	0	2	5	2	5	3	4	2	1	2	2	2	2	2	2	2	1290	1470	1695	1980	2270	2470	2595	2100	1960	0	-1	5980	-1	-1	0	0	0
47	17	3	2	1	0	$	1413521	1	-1	0	845	7	1	4	1	3	5	2	1	410	1420	1010	0	0	3	1	4	1	3	5	2	1	2	2	2	2	2	2	2	1255	1445	1625	1750	1890	1925	2080	2100	1960	0	-1	5480	-1	-1	0	0	0
47	18	3	2	1	0	$	1413521	1	-1	0	610	1	1	4	1	3	5	2	1	400	1715	1315	0	0	3	1	4	1	3	5	2	1	2	2	2	2	2	2	2	1010	1190	1355	1760	1935	2005	2105	2100	1960	0	-1	5540	-1	-1	0	0	0
47	19	3	2	1	0	$	1413521	1	-1	0	609	3	1	4	1	3	5	2	1	365	1395	1030	0	0	3	1	4	1	3	5	2	1	2	2	2	2	2	2	2	975	1140	1310	1480	1625	1710	1805	2100	1960	0	-1	5220	-1	-1	0	0	0
47	20	3	2	1	0	$	1413521	0	-1	0	709	2	1	4	1	3	5	2	1	365	1745	1380	0	0	3	1	4	1	3	5	2	1	2	2	2	2	2	2	2	1075	1315	1525	1755	2025	2185	2290	2100	1960	0	-1	5670	-1	-1	0	0	0
47	21	3	2	1	1	#	1324353	0	4	2	897	7	1	3	2	4	2	5	3	615	2520	1905	0	0	1	1	3	2	4	2	5	3	2	2	2	2	2	2	2	1515	1740	1995	2275	2745	3060	3255	2100	1960	0	-1	6635	-1	-1	0	0	0
47	22	3	2	1	0	$	1413521	0	-1	0	851	7	1	4	1	3	5	2	1	420	1630	1210	0	0	3	1	4	1	3	5	2	1	2	2	2	2	2	2	2	1275	1510	1780	2000	2120	2190	2280	2100	1960	0	-1	5700	-1	-1	0	0	0
47	23	3	2	1	0	$	1413521	1	-1	0	610	1	1	4	1	3	5	2	1	390	1655	1265	0	0	3	1	4	1	3	5	2	1	2	2	2	2	2	2	2	1000	1170	1350	1680	1825	1930	2065	2100	1960	0	-1	5480	-1	-1	0	0	0
47	24	3	2	1	1	$	1413521	0	3	2	899	3	1	4	1	2	5	2	1	455	1890	1435	0	0	3	1	4	1	2	5	2	1	2	2	2	2	2	2	2	1355	1575	1770	2060	2280	2515	2610	2100	1960	0	-1	6005	-1	-1	0	0	0
48	1	3	2	0	0	%	5253421	0	-1	0	706	7	5	2	5	3	4	2	1	650	1995	1345	0	0	1	5	2	5	3	4	2	1	2	2	2	2	2	2	2	1360	1550	1760	2005	2250	2445	2560	1984.5	1852.2	0	-1	5920	-1	-1	0	0	0
48	2	3	2	0	0	%	4135124	0	-1	0	760	7	4	1	3	5	1	2	4	775	2445	1670	0	0	1	4	1	3	5	1	2	4	2	2	2	2	2	2	2	1535	1825	2050	2280	2700	2920	3040	1984.5	1852.2	0	-1	6420	-1	-1	0	0	0
48	3	3	2	1	0	#	1324353	0	-1	0	643	3	1	3	2	4	3	5	3	405	2135	1730	0	0	1	1	3	2	4	3	5	3	2	2	2	2	2	2	2	1050	1255	1465	1730	1945	2065	2620	1984.5	1852.2	0	-1	5995	-1	-1	0	0	0
48	4	3	2	1	0	#	1324353	0	-1	0	657	7	1	3	2	4	3	5	3	420	1610	1190	0	0	3	1	3	2	4	3	5	3	2	2	2	2	2	2	2	1080	1290	1480	1680	1845	1970	2090	1984.5	1852.2	0	-1	5485	-1	-1	0	0	0
48	5	3	2	1	0	#	1324353	1	-1	0	896	3	1	3	2	4	3	5	3	425	1600	1175	0	0	3	1	3	2	4	3	5	3	2	2	2	2	2	2	2	1325	1495	1640	1830	2005	2145	2290	1984.5	1852.2	0	-1	5715	-1	-1	0	0	0
48	6	3	2	1	1	#	1324353	0	2	5	818	7	1	3	5	4	3	5	3	355	2320	1965	1	0	0	1	3	2	4	3	5	3	2	2	2	2	2	2	2	1175	1385	1620	2450	2725	2855	2975	1984.5	1852.2	0	-1	6355	-1	-1	0	0	0
48	7	3	2	1	0	#	1324353	0	-1	0	643	3	1	3	2	4	3	5	3	440	1920	1480	0	0	2	1	3	2	4	3	5	3	2	2	2	2	2	2	2	1085	1345	1575	1820	2155	2300	2405	1984.5	1852.2	0	-1	5780	-1	-1	0	0	0
48	8	3	2	0	0	%	1312453	0	-1	0	804	2	1	3	1	2	4	5	3	535	2615	2080	0	0	1	1	3	1	2	4	5	3	2	2	2	2	2	2	2	1340	1610	1910	2210	2535	2855	3240	1984.5	1852.2	0	-1	6635	-1	-1	0	0	0
48	9	3	2	0	0	%	3243135	0	-1	0	661	3	3	2	4	3	1	3	5	605	2010	1405	0	0	1	3	2	4	3	1	3	5	2	2	2	2	2	2	2	1270	1480	1710	1925	2185	2350	2485	1984.5	1852.2	0	-1	5890	-1	-1	0	0	0
48	10	3	2	1	0	$	1413521	0	-1	0	903	1	1	4	1	3	5	2	1	445	2485	2040	0	0	1	1	4	1	3	5	2	1	2	2	2	2	2	2	2	1350	1640	2010	2320	2620	2940	3225	1984.5	1852.2	0	-1	6605	-1	-1	0	0	0
48	11	3	2	1	0	$	1413521	0	-1	0	903	1	1	4	1	3	5	2	1	515	2310	1795	0	0	1	1	4	1	3	5	2	1	2	2	2	2	2	2	2	1420	1715	1950	2280	2565	2905	3035	1984.5	1852.2	0	-1	6430	-1	-1	0	0	0
48	12	3	2	1	0	$	1413521	0	-1	0	731	3	1	4	1	3	5	2	1	495	1710	1215	0	0	3	1	4	1	3	5	2	1	2	2	2	2	2	2	2	1230	1420	1640	1910	2100	2195	2265	1984.5	1852.2	0	-1	5660	-1	-1	0	0	0
48	13	3	2	1	0	$	1413521	0	-1	0	903	1	1	4	1	3	5	2	1	405	2020	1615	0	0	1	1	4	1	3	5	2	1	2	2	2	2	2	2	2	1310	1655	1970	2260	2560	2695	2775	1984.5	1852.2	0	-1	6140	-1	-1	0	0	0
48	14	3	2	1	0	#	1324353	0	-1	0	657	7	1	3	2	4	3	5	3	490	2470	1980	1	0	0	1	3	4	4	3	5	3	2	2	2	2	2	2	2	1150	1455	1835	2490	2715	2835	2945	1984.5	1852.2	0	-1	6345	-1	-1	0	0	0
48	15	3	2	1	0	#	1324353	1	-1	0	896	3	1	3	2	4	3	5	3	470	1845	1375	0	0	3	1	3	2	4	3	5	3	2	2	2	2	2	2	2	1370	1785	2010	2160	2290	2420	2550	1984.5	1852.2	0	-1	5960	-1	-1	0	0	0
48	16	3	2	1	0	#	1324353	1	-1	0	666	2	1	3	2	4	3	5	3	410	1550	1140	0	0	3	1	3	2	4	3	5	3	2	2	2	2	2	2	2	1080	1250	1400	1575	1765	1900	2035	1984.5	1852.2	0	-1	5435	-1	-1	0	0	0
48	17	3	2	0	0	%	5142313	0	-1	0	930	1	5	1	4	2	3	1	3	600	3825	3225	0	0	1	5	1	4	2	3	1	3	2	2	2	2	2	2	2	1530	2015	2495	3000	3545	4120	4515	1984.5	1852.2	0	-1	7970	-1	-1	0	0	0
48	18	3	2	1	0	#	1324353	0	-1	0	754	1	1	3	2	4	3	5	3	485	2300	1815	0	0	1	1	3	2	4	3	5	3	2	2	2	2	2	2	2	1240	1630	1975	2315	2615	2760	2865	1984.5	1852.2	0	-1	6270	-1	-1	0	0	0
48	19	3	2	0	0	%	5253421	0	-1	0	706	7	5	2	5	3	4	2	1	635	2160	1525	0	0	1	5	2	5	3	4	2	1	2	2	2	2	2	2	2	1345	1550	1810	2045	2355	2540	2660	1984.5	1852.2	0	-1	6085	-1	-1	0	0	0
48	20	3	2	0	0	%	3243135	0	-1	0	661	3	3	2	4	3	1	3	5	860	2260	1400	0	0	1	3	2	4	3	1	3	5	2	2	2	2	2	2	2	1525	1690	1900	2105	2430	2575	2710	1984.5	1852.2	0	-1	6140	-1	-1	0	0	0
48	21	3	2	1	0	$	1413521	0	-1	0	709	2	1	4	1	3	5	2	1	400	1625	1225	0	0	3	1	4	1	3	5	2	1	2	2	2	2	2	2	2	1110	1350	1570	1810	1940	2040	2150	1984.5	1852.2	0	-1	5550	-1	-1	0	0	0
48	22	3	2	1	1	$	1413521	0	3	4	758	7	1	4	1	4	5	2	1	425	2330	1905	0	0	1	1	4	1	4	5	2	1	2	2	2	2	2	2	2	1185	1455	1840	2090	2455	2755	2890	1984.5	1852.2	0	-1	6305	-1	-1	0	0	0
48	23	3	2	1	0	$	1413521	1	-1	0	845	7	1	4	1	3	5	2	1	625	1565	940	0	0	3	1	4	1	3	5	2	1	2	2	2	2	2	2	2	1470	1650	1830	1970	2050	2140	2235	1984.5	1852.2	0	-1	5625	-1	-1	0	0	0
48	24	3	2	1	1	$	1413521	0	2	2	771	3	1	4	2	3	5	2	1	475	2340	1865	0	0	1	1	4	2	3	5	2	1	2	2	2	2	2	2	2	1250	1615	2020	2315	2615	2820	2935	1984.5	1852.2	0	-1	6330	-1	-1	0	0	0
49	1	3	2	1	0	$	1413521	1	-1	0	653	2	1	4	1	3	5	2	1	355	1355	1000	0	0	3	1	4	1	3	5	2	1	2	2	2	2	2	2	2	1010	1175	1325	1475	1610	1715	1820	1984.5	1852.2	0	-1	5225	-1	-1	0	0	0
49	2	3	2	0	0	%	3512154	0	-1	0	910	1	3	5	1	2	1	5	4	490	3665	3175	0	0	1	3	5	1	2	1	5	4	2	2	2	2	2	2	2	1400	1855	2505	2930	3435	3980	4355	1984.5	1852.2	0	-1	7790	-1	-1	0	0	0
49	3	3	2	0	0	%	1312453	0	-1	0	804	2	1	3	1	2	4	5	3	545	2395	1850	0	0	1	1	3	1	2	4	5	3	2	2	2	2	2	2	2	1350	1560	1855	2170	2530	2810	2995	1984.5	1852.2	0	-1	6415	-1	-1	0	0	0
49	4	3	2	1	0	#	1324353	0	-1	0	813	2	1	3	2	4	3	5	3	435	1980	1545	0	0	2	1	3	2	4	3	5	3	2	2	2	2	2	2	2	1250	1465	1710	2035	2335	2520	2620	1984.5	1852.2	0	-1	6010	-1	-1	0	0	0
49	5	3	2	0	0	%	3243135	0	-1	0	661	3	3	2	4	3	1	3	5	755	2325	1570	0	0	1	3	2	4	3	1	3	5	2	2	2	2	2	2	2	1420	1640	1890	2145	2410	2620	2790	1984.5	1852.2	0	-1	6205	-1	-1	0	0	0
49	6	3	2	1	0	#	1324353	0	-1	0	643	3	1	3	2	4	3	5	3	575	1920	1345	0	0	2	1	3	2	4	3	5	3	2	2	2	2	2	2	2	1220	1450	1680	1990	2170	2300	2395	1984.5	1852.2	0	-1	5780	-1	-1	0	0	0
49	7	3	2	0	0	%	5142313	0	-1	0	930	1	5	1	4	2	3	1	3	550	3470	2920	0	0	1	5	1	4	2	3	1	3	2	2	2	2	2	2	2	1480	1945	2410	2855	3325	3825	4185	1984.5	1852.2	0	-1	7615	-1	-1	0	0	0
49	8	3	2	1	0	#	1324353	1	-1	0	896	3	1	3	2	4	3	5	3	455	1760	1305	0	0	3	1	3	2	4	3	5	3	2	2	2	2	2	2	2	1355	1565	1820	2055	2205	2340	2475	1984.5	1852.2	0	-1	5875	-1	-1	0	0	0
49	9	3	2	0	0	%	1534231	0	-1	0	607	2	1	5	3	4	2	3	1	510	2440	1930	0	0	1	1	5	3	4	2	3	1	2	2	2	2	2	2	2	1120	1395	1680	1995	2310	2550	2830	1984.5	1852.2	0	-1	6265	-1	-1	0	0	0
49	10	3	2	1	0	#	1324353	1	-1	0	666	2	1	3	2	4	3	5	3	390	1535	1145	0	0	3	1	3	2	4	3	5	3	2	2	2	2	2	2	2	1060	1250	1395	1575	1710	1875	2010	1984.5	1852.2	0	-1	5420	-1	-1	0	0	0
49	11	3	2	1	0	$	1413521	0	-1	0	709	2	1	4	1	3	5	2	1	285	1410	1125	0	0	3	1	4	1	3	5	2	1	2	2	2	2	2	2	2	995	1205	1375	1595	1740	1835	1920	1984.5	1852.2	0	-1	5335	-1	-1	0	0	0
49	12	3	2	1	0	$	1413521	1	-1	0	609	3	1	4	1	3	5	2	1	455	1535	1080	0	0	3	1	4	1	3	5	2	1	2	2	2	2	2	2	2	1065	1290	1495	1655	1780	1850	1940	1984.5	1852.2	0	-1	5360	-1	-1	0	0	0
49	13	3	2	0	0	%	3512154	0	-1	0	910	1	3	5	1	2	1	5	4	670	4055	3385	0	0	1	3	5	1	2	1	5	4	2	2	2	2	2	2	2	1580	2050	2650	3105	3665	4245	4730	1984.5	1852.2	0	-1	8180	-1	-1	0	0	0
49	14	3	2	1	0	$	1413521	1	-1	0	653	2	1	4	1	3	5	2	1	470	1960	1490	0	0	2	1	4	1	3	5	2	1	2	2	2	2	2	2	2	1125	1720	1955	2085	2205	2290	2395	1984.5	1852.2	0	-1	5830	-1	-1	0	0	0
49	15	3	2	1	0	#	1324353	0	-1	0	657	7	1	3	2	4	3	5	3	445	1945	1500	0	0	2	1	3	2	4	3	5	3	2	2	2	2	2	2	2	1105	1360	1630	1965	2175	2290	2405	1984.5	1852.2	0	-1	5820	-1	-1	0	0	0
49	16	3	2	0	0	%	1312453	0	-1	0	804	2	1	3	1	2	4	5	3	570	2505	1935	0	0	1	1	3	1	2	4	5	3	2	2	2	2	2	2	2	1375	1600	1895	2190	2515	2795	3075	1984.5	1852.2	0	-1	6525	-1	-1	0	0	0
49	17	3	2	1	0	#	1324353	1	-1	0	896	3	1	3	2	4	3	5	3	385	2085	1700	0	0	1	1	3	2	4	3	5	3	2	2	2	2	2	2	2	1285	1420	1550	1700	1855	2010	2810	1984.5	1852.2	0	-1	6200	-1	-1	0	0	0
49	18	3	2	0	0	%	3512154	0	-1	0	910	1	3	5	1	2	1	5	4	470	3525	3055	0	0	1	3	5	1	2	1	5	4	2	2	2	2	2	2	2	1380	1845	2380	2840	3310	3780	4200	1984.5	1852.2	0	-1	7650	-1	-1	0	0	0
49	19	3	2	1	1	#	1324353	0	4	2	813	1	1	3	2	4	2	5	3	500	2580	2080	1	0	0	1	3	2	4	3	5	3	2	2	2	2	2	2	2	1315	1680	2055	2405	2580	2725	3205	1984.5	1852.2	0	-1	6610	-1	-1	0	0	0
49	20	3	2	1	0	#	1324353	1	-1	0	942	1	1	3	2	4	3	5	3	950	2505	1555	0	0	1	1	3	2	4	3	5	3	2	2	2	2	2	2	2	1895	2405	2635	2820	2960	3120	3250	1984.5	1852.2	0	-1	6665	-1	-1	0	0	0
49	21	3	2	1	0	$	1413521	1	-1	0	845	7	1	4	1	3	5	2	1	470	2660	2190	0	0	1	1	4	1	3	5	2	1	2	2	2	2	2	2	2	1315	2285	2695	2945	3090	3160	3275	1984.5	1852.2	0	-1	6720	-1	-1	0	0	0
49	22	3	2	1	0	#	1324353	0	-1	0	813	2	1	3	2	4	3	5	3	540	2240	1700	0	0	1	1	3	2	4	3	5	3	2	2	2	2	2	2	2	1355	1605	1855	2355	2615	2755	2875	1984.5	1852.2	0	-1	6270	-1	-1	0	0	0
49	23	3	2	1	0	$	1413521	1	-1	0	610	1	1	4	1	3	5	2	1	800	1830	1030	0	0	3	1	4	1	3	5	2	1	2	2	2	2	2	2	2	1410	1615	1790	1925	2055	2115	2200	1984.5	1852.2	0	-1	5655	-1	-1	0	0	0
49	24	3	2	1	1	#	1324353	0	2	1	680	3	1	3	1	4	3	5	3	570	2465	1895	0	0	1	1	3	1	4	3	5	3	2	2	2	2	2	2	2	1250	1455	1845	2260	2715	2855	2960	1984.5	1852.2	0	-1	6360	-1	-1	0	0	0
