BN	TN	SubNum	hand	isTrain	isChanged	symbol	cue	isMasked	digitChangePos	digitChangeValue	precueTime	windowSize	press1	press2	press3	press4	press5	press6	press7	RT	ET	MT	isError	timingError	points	response1	response2	response3	response4	response5	response6	response7	handPressed1	handPressed2	handPressed3	handPressed4	handPressed5	handPressed6	handPressed7	pressTime1	pressTime2	pressTime3	pressTime4	pressTime5	pressTime6	pressTime7	timeThreshold	timeThresholdSuper	startTime	startTimeReal	trialDur	startTR	startTRtime	useMetronome	isCross	crossTime
37	1	4	2	1	0	#	2125341	0	-1	0	896	1	2	1	2	5	3	4	1	760	1705	945	0	0	3	2	1	2	5	3	4	1	2	2	2	2	2	2	2	1660	1800	1985	2145	2275	2390	2510	3500	2940	0	-1	5820	-1	-1	0	0	0
37	2	4	2	0	0	%	4352135	0	-1	0	810	7	4	3	5	2	1	3	5	680	2495	1815	0	0	3	4	3	5	2	1	3	5	2	2	2	2	2	2	2	1490	1770	2065	2355	2660	2935	3185	3500	2940	0	-1	6520	-1	-1	0	0	0
37	3	4	2	1	0	#	2125341	1	-1	0	928	2	2	1	2	5	3	4	1	415	1295	880	0	0	3	2	1	2	5	3	4	1	2	2	2	2	2	2	2	1345	1460	1605	1730	1865	2000	2140	3500	2940	0	-1	5440	-1	-1	0	0	0
37	4	4	2	1	0	$	3412151	1	-1	0	762	3	3	4	1	2	1	5	1	1210	2375	1165	0	0	3	3	4	1	2	1	5	1	2	2	2	2	2	2	2	1975	2115	2370	2495	2695	2810	3015	3500	2940	0	-1	6355	-1	-1	0	0	0
37	5	4	2	1	0	#	2125341	1	-1	0	940	1	2	1	2	5	3	4	1	330	1255	925	0	0	3	2	1	2	5	3	4	1	2	2	2	2	2	2	2	1270	1395	1545	1685	1820	1965	2080	3500	2940	0	-1	5410	-1	-1	0	0	0
37	6	4	2	0	0	%	5245213	0	-1	0	785	1	5	2	4	5	2	1	3	590	3840	3250	0	0	1	5	2	4	5	2	1	3	2	2	2	2	2	2	2	1375	2015	2560	3095	3525	3990	4505	3500	2940	0	-1	7840	-1	-1	0	0	0
37	7	4	2	0	0	%	4251531	0	-1	0	875	7	4	2	5	1	5	3	1	730	2595	1865	0	0	3	4	2	5	1	5	3	1	2	2	2	2	2	2	2	1605	1875	2165	2470	2765	3075	3335	3500	2940	0	-1	6685	-1	-1	0	0	0
37	8	4	2	1	0	#	2125341	0	-1	0	956	7	2	1	2	5	3	4	1	420	1375	955	0	0	3	2	1	2	5	3	4	1	2	2	2	2	2	2	2	1380	1510	1670	1805	1940	2070	2210	3500	2940	0	-1	5550	-1	-1	0	0	0
37	9	4	2	1	0	$	3412151	1	-1	0	895	7	3	4	1	2	1	5	1	430	1410	980	0	0	3	3	4	1	2	1	5	1	2	2	2	2	2	2	2	1325	1470	1590	1730	1950	2055	2195	3500	2940	0	-1	5520	-1	-1	0	0	0
37	10	4	2	1	0	$	3412151	1	-1	0	672	1	3	4	1	2	1	5	1	470	1485	1015	0	0	3	3	4	1	2	1	5	1	2	2	2	2	2	2	2	1145	1285	1420	1570	1795	1915	2055	3500	2940	0	-1	5375	-1	-1	0	0	0
37	11	4	2	0	0	%	5214231	0	-1	0	967	3	5	2	1	4	2	3	1	775	2660	1885	0	0	3	5	2	1	4	2	3	1	2	2	2	2	2	2	2	1745	1995	2265	2580	2930	3230	3475	3500	2940	0	-1	6845	-1	-1	0	0	0
37	12	4	2	1	0	$	3412151	0	-1	0	839	3	3	4	1	2	1	5	1	745	1860	1115	0	0	3	3	4	1	2	1	5	1	2	2	2	2	2	2	2	1585	1715	1845	2025	2310	2445	2585	3500	2940	0	-1	5915	-1	-1	0	0	0
37	13	4	2	1	0	$	3412151	0	-1	0	969	1	3	4	1	2	1	5	1	425	1515	1090	0	0	3	3	4	1	2	1	5	1	2	2	2	2	2	2	2	1395	1535	1685	1855	2110	2230	2370	3500	2940	0	-1	5700	-1	-1	0	0	0
37	14	4	2	1	0	#	2125341	1	-1	0	694	7	2	1	2	5	3	4	1	1380	2710	1330	1	0	0	2	3	1	5	3	2	1	2	2	2	2	2	2	2	2075	2405	2770	2935	3090	3165	3260	3500	2940	0	-1	6620	-1	-1	0	0	0
37	15	4	2	0	0	%	1534213	0	-1	0	879	1	1	5	3	4	2	1	3	645	3645	3000	0	0	1	1	5	3	4	2	1	3	2	2	2	2	2	2	2	1525	1905	2440	2925	3500	3950	4400	3500	2940	0	-1	7740	-1	-1	0	0	0
37	16	4	2	1	0	$	3412151	0	-1	0	701	7	3	4	1	2	1	5	1	465	1340	875	0	0	3	3	4	1	2	1	5	1	2	2	2	2	2	2	2	1170	1300	1440	1575	1745	1850	1960	3500	2940	0	-1	5260	-1	-1	0	0	0
37	17	4	2	0	0	%	5235413	0	-1	0	606	3	5	2	3	5	4	1	3	630	2350	1720	0	0	3	5	2	3	5	4	1	3	2	2	2	2	2	2	2	1240	1500	1760	2045	2330	2615	2840	3500	2940	0	-1	6175	-1	-1	0	0	0
37	18	4	2	1	0	#	2125341	0	-1	0	958	3	2	1	2	5	3	4	1	370	1260	890	0	0	3	2	1	2	5	3	4	1	2	2	2	2	2	2	2	1330	1455	1595	1725	1850	1985	2115	3500	2940	0	-1	5435	-1	-1	0	0	0
37	19	4	2	1	0	$	3412151	1	-1	0	682	2	3	4	1	2	1	5	1	680	1985	1305	0	0	3	3	4	1	2	1	5	1	2	2	2	2	2	2	2	1365	1510	1650	1835	2295	2435	2555	3500	2940	0	-1	5885	-1	-1	0	0	0
37	20	4	2	0	0	%	4524531	0	-1	0	880	2	4	5	2	4	5	3	1	1265	3275	2010	0	0	2	4	5	2	4	5	3	1	2	2	2	2	2	2	2	2145	2430	2710	3090	3390	3760	4055	3500	2940	0	-1	7370	-1	-1	0	0	0
37	21	4	2	0	0	%	4512453	0	-1	0	951	2	4	5	1	2	4	5	3	795	3170	2375	0	0	2	4	5	1	2	4	5	3	2	2	2	2	2	2	2	1750	1985	2565	2845	3240	3590	3995	3500	2940	0	-1	7340	-1	-1	0	0	0
37	22	4	2	1	0	#	2125341	0	-1	0	733	2	2	1	2	5	3	4	1	430	1435	1005	0	0	3	2	1	2	5	3	4	1	2	2	2	2	2	2	2	1165	1290	1480	1620	1780	1920	2070	3500	2940	0	-1	5385	-1	-1	0	0	0
37	23	4	2	1	0	$	3412151	0	-1	0	645	2	3	4	1	2	1	5	1	385	1335	950	0	0	3	3	4	1	2	1	5	1	2	2	2	2	2	2	2	1030	1160	1285	1415	1635	1745	1880	3500	2940	0	-1	5195	-1	-1	0	0	0
37	24	4	2	1	0	#	2125341	1	-1	0	993	3	2	1	2	5	3	4	1	325	1240	915	0	0	3	2	1	2	5	3	4	1	2	2	2	2	2	2	2	1320	1440	1560	1680	1855	2000	2125	3500	2940	0	-1	5450	-1	-1	0	0	0
38	1	4	2	1	1	$	3412151	0	4	3	666	1	3	4	1	2	3	5	1	815	3765	2950	1	0	0	3	4	1	2	1	5	1	2	2	2	2	2	2	2	1485	1950	2435	2980	3280	3985	4305	3150	2940	0	-1	7650	-1	-1	0	0	0
38	2	4	2	0	0	%	3124215	0	-1	0	752	1	3	1	2	4	2	1	5	625	3940	3315	0	0	1	3	1	2	4	2	1	5	2	2	2	2	2	2	2	1380	1910	2495	3060	3675	4195	4610	3150	2940	0	-1	7910	-1	-1	0	0	0
38	3	4	2	0	0	%	3435213	0	-1	0	966	1	3	4	3	5	2	1	3	540	3760	3220	0	0	1	3	4	3	5	2	1	3	2	2	2	2	2	2	2	1510	2145	2590	3150	3635	4075	4595	3150	2940	0	-1	7945	-1	-1	0	0	0
38	4	4	2	1	0	#	2125341	0	-1	0	992	7	2	1	2	5	3	4	1	495	2040	1545	0	0	3	2	1	2	5	3	4	1	2	2	2	2	2	2	2	1490	1725	1995	2235	2450	2680	2900	3150	2940	0	-1	6250	-1	-1	0	0	0
38	5	4	2	1	0	#	2125341	1	-1	0	924	1	2	1	2	5	3	4	1	520	2365	1845	0	0	3	2	1	2	5	3	4	1	2	2	2	2	2	2	2	1445	1755	2410	2615	2790	2945	3175	3150	2940	0	-1	6505	-1	-1	0	0	0
38	6	4	2	1	0	$	3412151	0	-1	0	626	3	3	4	1	2	1	5	1	780	4405	3625	1	0	0	3	1	1	2	1	5	1	2	2	2	2	2	2	2	1410	1935	3475	4075	4375	4670	4905	3150	2940	0	-1	8250	-1	-1	0	0	0
38	7	4	2	1	0	#	2125341	0	-1	0	782	2	2	1	2	5	3	4	1	460	2250	1790	0	0	3	2	1	2	5	3	4	1	2	2	2	2	2	2	2	1245	1515	1930	2180	2430	2670	2900	3150	2940	0	-1	6250	-1	-1	0	0	0
38	8	4	2	1	0	$	3412151	0	-1	0	991	2	3	4	1	2	1	5	1	520	1995	1475	0	0	3	3	4	1	2	1	5	1	2	2	2	2	2	2	2	1515	1755	2080	2315	2565	2720	2860	3150	2940	0	-1	6205	-1	-1	0	0	0
38	9	4	2	1	1	#	2125341	0	2	4	756	2	2	1	4	5	3	4	1	440	3835	3395	1	0	0	2	1	3	5	3	4	1	2	2	2	2	2	2	2	1200	1405	2485	3100	3565	3935	4460	3150	2940	0	-1	7810	-1	-1	0	0	0
38	10	4	2	1	0	#	2125341	0	-1	0	802	1	2	1	2	5	3	4	1	505	2925	2420	0	0	3	2	1	2	5	3	4	1	2	2	2	2	2	2	2	1310	1685	2090	2455	2675	3080	3590	3150	2940	0	-1	6945	-1	-1	0	0	0
38	11	4	2	1	0	$	3412151	1	-1	0	925	2	3	4	1	2	1	5	1	890	1920	1030	0	0	3	3	4	1	2	1	5	1	2	2	2	2	2	2	2	1815	2005	2145	2290	2480	2600	2735	3150	2940	0	-1	6060	-1	-1	0	0	0
38	12	4	2	0	0	%	2535214	0	-1	0	817	3	2	5	3	5	2	1	4	645	2280	1635	0	0	3	2	5	3	5	2	1	4	2	2	2	2	2	2	2	1465	1775	2035	2305	2520	2730	2995	3150	2940	0	-1	6315	-1	-1	0	0	0
38	13	4	2	1	0	#	2125341	1	-1	0	994	3	2	1	2	5	3	4	1	475	1435	960	0	0	3	2	1	2	5	3	4	1	2	2	2	2	2	2	2	1470	1605	1795	1925	2070	2190	2305	3150	2940	0	-1	5645	-1	-1	0	0	0
38	14	4	2	1	0	$	3412151	1	-1	0	925	2	3	4	1	2	1	5	1	410	1650	1240	0	0	3	3	4	1	2	1	5	1	2	2	2	2	2	2	2	1335	1520	1650	1795	2155	2330	2460	3150	2940	0	-1	5790	-1	-1	0	0	0
38	15	4	2	1	0	#	2125341	1	-1	0	709	2	2	1	2	5	3	4	1	450	1375	925	0	0	3	2	1	2	5	3	4	1	2	2	2	2	2	2	2	1160	1275	1455	1585	1705	1840	1965	3150	2940	0	-1	5300	-1	-1	0	0	0
38	16	4	2	0	0	%	3142545	0	-1	0	959	7	3	1	4	2	5	4	5	710	2660	1950	0	0	3	3	1	4	2	5	4	5	2	2	2	2	2	2	2	1670	2020	2375	2660	2935	3230	3480	3150	2940	0	-1	6835	-1	-1	0	0	0
38	17	4	2	1	0	$	3412151	1	-1	0	923	7	3	4	1	2	1	5	1	450	1370	920	0	0	3	3	4	1	2	1	5	1	2	2	2	2	2	2	2	1375	1505	1610	1755	1990	2085	2205	3150	2940	0	-1	5510	-1	-1	0	0	0
38	18	4	2	1	1	#	2125341	0	2	4	801	3	2	1	4	5	3	4	1	490	2765	2275	0	0	3	2	1	4	5	3	4	1	2	2	2	2	2	2	2	1295	1440	1900	2255	2595	2905	3450	3150	2940	0	-1	6785	-1	-1	0	0	0
38	19	4	2	1	1	#	2125341	0	4	1	648	1	2	1	2	5	1	4	1	505	1510	1005	1	0	0	2	1	2	5	3	4	1	2	2	2	2	2	2	2	1155	1290	1540	1680	1810	1955	2065	3150	2940	0	-1	5375	-1	-1	0	0	0
38	20	4	2	1	0	$	3412151	0	-1	0	991	2	3	4	1	2	1	5	1	525	2060	1535	0	0	3	3	4	1	2	1	5	1	2	2	2	2	2	2	2	1520	1690	1910	2160	2450	2685	2950	3150	2940	0	-1	6270	-1	-1	0	0	0
38	21	4	2	1	0	$	3412151	0	-1	0	733	7	3	4	1	2	1	5	1	495	1690	1195	0	0	3	3	4	1	2	1	5	1	2	2	2	2	2	2	2	1230	1385	1550	1740	2090	2210	2325	3150	2940	0	-1	5640	-1	-1	0	0	0
38	22	4	2	1	0	$	3412151	1	-1	0	925	2	3	4	1	2	1	5	1	480	1470	990	0	0	3	3	4	1	2	1	5	1	2	2	2	2	2	2	2	1405	1565	1745	1875	2070	2175	2290	3150	2940	0	-1	5610	-1	-1	0	0	0
38	23	4	2	1	0	#	2125341	1	-1	0	900	7	2	1	2	5	3	4	1	450	1385	935	0	0	3	2	1	2	5	3	4	1	2	2	2	2	2	2	2	1350	1485	1655	1785	1920	2055	2165	3150	2940	0	-1	5500	-1	-1	0	0	0
38	24	4	2	1	0	$	3412151	0	-1	0	611	1	3	4	1	2	1	5	1	515	2795	2280	0	0	3	3	4	1	2	1	5	1	2	2	2	2	2	2	2	1130	1415	1790	2340	2770	3090	3295	3150	2940	0	-1	6625	-1	-1	0	0	0
39	1	4	2	1	0	$	3412151	0	-1	0	733	7	3	4	1	2	1	5	1	530	2035	1505	0	0	3	3	4	1	2	1	5	1	2	2	2	2	2	2	2	1265	1455	2060	2255	2425	2560	2675	2835	2646	0	-1	5985	-1	-1	0	0	0
39	2	4	2	1	0	$	3412151	0	-1	0	626	3	3	4	1	2	1	5	1	470	1645	1175	0	0	3	3	4	1	2	1	5	1	2	2	2	2	2	2	2	1100	1260	1480	1640	1880	2025	2185	2835	2646	0	-1	5490	-1	-1	0	0	0
39	3	4	2	1	0	#	2125341	0	-1	0	992	7	2	1	2	5	3	4	1	495	1530	1035	0	0	3	2	1	2	5	3	4	1	2	2	2	2	2	2	2	1490	1650	1855	2005	2140	2280	2425	2835	2646	0	-1	5740	-1	-1	0	0	0
39	4	4	2	0	0	%	3124215	0	-1	0	752	1	3	1	2	4	2	1	5	635	3720	3085	0	0	1	3	1	2	4	2	1	5	2	2	2	2	2	2	2	1390	1865	2315	2895	3430	3935	4350	2835	2646	0	-1	7690	-1	-1	0	0	0
39	5	4	2	0	0	%	1253435	0	-1	0	843	2	1	2	5	3	4	3	5	690	2765	2075	0	0	2	1	2	5	3	4	3	5	2	2	2	2	2	2	2	1535	1795	2125	2440	2745	3150	3460	2835	2646	0	-1	6825	-1	-1	0	0	0
39	6	4	2	1	0	#	2125341	0	-1	0	782	2	2	1	2	5	3	4	1	460	1940	1480	0	0	3	2	1	2	5	3	4	1	2	2	2	2	2	2	2	1245	1415	1715	1965	2240	2430	2600	2835	2646	0	-1	5940	-1	-1	0	0	0
39	7	4	2	1	0	#	2125341	0	-1	0	782	2	2	1	2	5	3	4	1	365	2760	2395	0	0	2	2	1	2	5	3	4	1	2	2	2	2	2	2	2	1150	1280	1980	2255	2860	3180	3450	2835	2646	0	-1	6760	-1	-1	0	0	0
39	8	4	2	1	0	$	3412151	1	-1	0	923	7	3	4	1	2	1	5	1	625	1590	965	0	0	3	3	4	1	2	1	5	1	2	2	2	2	2	2	2	1550	1710	1835	1990	2175	2290	2405	2835	2646	0	-1	5730	-1	-1	0	0	0
39	9	4	2	1	0	$	3412151	1	-1	0	713	3	3	4	1	2	1	5	1	425	1240	815	0	0	3	3	4	1	2	1	5	1	2	2	2	2	2	2	2	1140	1280	1400	1515	1670	1760	1865	2835	2646	0	-1	5170	-1	-1	0	0	0
39	10	4	2	0	0	%	3435213	0	-1	0	966	1	3	4	3	5	2	1	3	585	3985	3400	0	0	1	3	4	3	5	2	1	3	2	2	2	2	2	2	2	1555	2395	2950	3415	3855	4280	4820	2835	2646	0	-1	8170	-1	-1	0	0	0
39	11	4	2	1	0	$	3412151	0	-1	0	611	1	3	4	1	2	1	5	1	525	2160	1635	0	0	3	3	4	1	2	1	5	1	2	2	2	2	2	2	2	1140	1300	1805	2185	2435	2565	2675	2835	2646	0	-1	5990	-1	-1	0	0	0
39	12	4	2	1	0	$	3412151	0	-1	0	733	7	3	4	1	2	1	5	1	515	1475	960	0	0	3	3	4	1	2	1	5	1	2	2	2	2	2	2	2	1250	1410	1575	1725	1900	2025	2110	2835	2646	0	-1	5425	-1	-1	0	0	0
39	13	4	2	1	0	$	3412151	1	-1	0	769	1	3	4	1	2	1	5	1	700	1520	820	0	0	3	3	4	1	2	1	5	1	2	2	2	2	2	2	2	1470	1610	1690	1815	1980	2080	2200	2835	2646	0	-1	5505	-1	-1	0	0	0
39	14	4	2	0	0	%	3425212	0	-1	0	765	7	3	4	2	5	2	1	2	825	2510	1685	0	0	3	3	4	2	5	2	1	2	2	2	2	2	2	2	2	1590	1885	2160	2395	2645	2955	3160	2835	2646	0	-1	6490	-1	-1	0	0	0
39	15	4	2	0	0	%	4143512	0	-1	0	970	2	4	1	4	3	5	1	2	800	2645	1845	0	0	3	4	1	4	3	5	1	2	2	2	2	2	2	2	2	1770	2045	2315	2625	2950	3255	3510	2835	2646	0	-1	6830	-1	-1	0	0	0
39	16	4	2	1	1	#	2125341	0	3	4	830	3	2	1	2	4	3	4	1	465	2170	1705	0	0	3	2	1	2	4	3	4	1	2	2	2	2	2	2	2	1295	1440	1655	2050	2360	2665	2885	2835	2646	0	-1	6215	-1	-1	0	0	0
39	17	4	2	1	0	$	3412151	0	-1	0	611	1	3	4	1	2	1	5	1	740	2010	1270	0	0	3	3	4	1	2	1	5	1	2	2	2	2	2	2	2	1355	1555	1795	1975	2245	2405	2535	2835	2646	0	-1	5840	-1	-1	0	0	0
39	18	4	2	1	0	#	2125341	1	-1	0	994	3	2	1	2	5	3	4	1	405	1285	880	0	0	3	2	1	2	5	3	4	1	2	2	2	2	2	2	2	1400	1555	1695	1810	1935	2055	2170	2835	2646	0	-1	5495	-1	-1	0	0	0
39	19	4	2	1	1	$	3412151	0	2	5	996	7	3	4	5	2	1	5	1	460	2490	2030	0	0	3	3	4	5	2	1	5	1	2	2	2	2	2	2	2	1460	1635	2055	2470	2840	3145	3375	2835	2646	0	-1	6705	-1	-1	0	0	0
39	20	4	2	1	0	$	3412151	0	-1	0	611	1	3	4	1	2	1	5	1	465	2030	1565	0	0	3	3	4	1	2	1	5	1	2	2	2	2	2	2	2	1080	1310	1795	2160	2360	2455	2555	2835	2646	0	-1	5860	-1	-1	0	0	0
39	21	4	2	1	1	#	2125341	0	2	3	973	7	2	1	3	5	3	4	1	675	2595	1920	0	0	3	2	1	3	5	3	4	1	2	2	2	2	2	2	2	1650	1780	2215	2475	2745	3095	3455	2835	2646	0	-1	6785	-1	-1	0	0	0
39	22	4	2	1	0	#	2125341	0	-1	0	782	2	2	1	2	5	3	4	1	480	1990	1510	0	0	3	2	1	2	5	3	4	1	2	2	2	2	2	2	2	1265	1570	1800	2050	2260	2430	2695	2835	2646	0	-1	5990	-1	-1	0	0	0
39	23	4	2	1	0	#	2125341	0	-1	0	992	7	2	1	2	5	3	4	1	610	1535	925	0	0	3	2	1	2	5	3	4	1	2	2	2	2	2	2	2	1605	1720	1925	2055	2210	2325	2445	2835	2646	0	-1	5745	-1	-1	0	0	0
39	24	4	2	1	1	#	2125341	0	4	1	716	7	2	1	2	5	1	4	1	460	2375	1915	1	0	0	2	1	2	5	3	1	1	2	2	2	2	2	2	2	1180	1295	1445	1570	1720	2445	3000	2835	2646	0	-1	6310	-1	-1	0	0	0
40	1	4	2	1	0	#	2125341	1	-1	0	994	3	2	1	2	5	3	4	1	470	2460	1990	1	0	0	2	1	2	5	3	1	1	2	2	2	2	2	2	2	1465	1590	1755	2495	2680	2935	3345	2131.5	1989.4	0	-1	6670	-1	-1	0	0	0
40	2	4	2	1	0	#	2125341	1	-1	0	924	1	2	1	2	5	3	4	1	455	1395	940	0	0	3	2	1	2	5	3	4	1	2	2	2	2	2	2	2	1380	1520	1670	1805	1930	2060	2190	2131.5	1989.4	0	-1	5535	-1	-1	0	0	0
40	3	4	2	1	1	#	2125341	0	3	1	635	7	2	1	2	1	3	4	1	405	1525	1120	1	0	0	2	1	2	5	3	4	1	2	2	2	2	2	2	2	1040	1170	1300	1460	1790	1915	2045	2131.5	1989.4	0	-1	5375	-1	-1	0	0	0
40	4	4	2	1	0	$	3412151	0	-1	0	991	2	3	4	1	2	1	5	1	405	1915	1510	0	0	3	3	4	1	2	1	5	1	2	2	2	2	2	2	2	1400	1650	1905	2125	2385	2605	2815	2131.5	1989.4	0	-1	6125	-1	-1	0	0	0
40	5	4	2	1	0	#	2125341	1	-1	0	900	7	2	1	2	5	3	4	1	510	1415	905	0	0	3	2	1	2	5	3	4	1	2	2	2	2	2	2	2	1410	1570	1685	1820	1950	2075	2200	2131.5	1989.4	0	-1	5530	-1	-1	0	0	0
40	6	4	2	0	0	%	1253435	0	-1	0	843	2	1	2	5	3	4	3	5	615	2500	1885	0	0	1	1	2	5	3	4	3	5	2	2	2	2	2	2	2	1460	1725	1995	2270	2580	2920	3210	2131.5	1989.4	0	-1	6560	-1	-1	0	0	0
40	7	4	2	1	0	$	3412151	1	-1	0	713	3	3	4	1	2	1	5	1	425	1395	970	0	0	3	3	4	1	2	1	5	1	2	2	2	2	2	2	2	1140	1280	1430	1555	1780	1895	2015	2131.5	1989.4	0	-1	5325	-1	-1	0	0	0
40	8	4	2	1	0	#	2125341	1	-1	0	924	1	2	1	2	5	3	4	1	440	1320	880	0	0	3	2	1	2	5	3	4	1	2	2	2	2	2	2	2	1365	1490	1625	1765	1875	2020	2145	2131.5	1989.4	0	-1	5460	-1	-1	0	0	0
40	9	4	2	1	0	$	3412151	1	-1	0	713	3	3	4	1	2	1	5	1	525	1415	890	0	0	3	3	4	1	2	1	5	1	2	2	2	2	2	2	2	1240	1380	1485	1610	1795	1915	2030	2131.5	1989.4	0	-1	5345	-1	-1	0	0	0
40	10	4	2	1	0	#	2125341	0	-1	0	848	3	2	1	2	5	3	4	1	395	2220	1825	0	0	1	2	1	2	5	3	4	1	2	2	2	2	2	2	2	1245	1395	1545	1730	2385	2650	2965	2131.5	1989.4	0	-1	6285	-1	-1	0	0	0
40	11	4	2	1	1	$	3412151	0	4	3	836	2	3	4	1	2	3	5	1	765	2745	1980	0	0	1	3	4	1	2	3	5	1	2	2	2	2	2	2	2	1605	1865	2110	2390	2910	3205	3470	2131.5	1989.4	0	-1	6800	-1	-1	0	0	0
40	12	4	2	1	0	$	3412151	1	-1	0	923	7	3	4	1	2	1	5	1	485	1455	970	0	0	3	3	4	1	2	1	5	1	2	2	2	2	2	2	2	1410	1545	1685	1815	2095	2190	2295	2131.5	1989.4	0	-1	5595	-1	-1	0	0	0
40	13	4	2	1	0	$	3412151	1	-1	0	769	1	3	4	1	2	1	5	1	440	1820	1380	1	0	0	3	4	1	2	5	1	1	2	2	2	2	2	2	2	1210	1340	1485	1605	1935	2050	2485	2131.5	1989.4	0	-1	5805	-1	-1	0	0	0
40	14	4	2	0	0	%	2535214	0	-1	0	817	3	2	5	3	5	2	1	4	735	2910	2175	1	0	0	2	5	3	5	2	1	3	2	2	2	2	2	2	2	1555	1835	2055	2325	2610	3280	3670	2131.5	1989.4	0	-1	6945	-1	-1	0	0	0
40	15	4	2	0	0	%	4143512	0	-1	0	970	2	4	1	4	3	5	1	2	695	2570	1875	0	0	1	4	1	4	3	5	1	2	2	2	2	2	2	2	2	1665	1940	2205	2550	2885	3160	3430	2131.5	1989.4	0	-1	6755	-1	-1	0	0	0
40	16	4	2	1	0	#	2125341	0	-1	0	782	2	2	1	2	5	3	4	1	490	1990	1500	0	0	2	2	1	2	5	3	4	1	2	2	2	2	2	2	2	1275	1435	1740	1995	2295	2500	2675	2131.5	1989.4	0	-1	5990	-1	-1	0	0	0
40	17	4	2	1	1	$	3412151	0	4	4	687	7	3	4	1	2	4	5	1	515	2350	1835	0	0	1	3	4	1	2	4	5	1	2	2	2	2	2	2	2	1205	1350	1580	1730	2340	2685	2935	2131.5	1989.4	0	-1	6255	-1	-1	0	0	0
40	18	4	2	1	1	$	3412151	0	3	3	755	7	3	4	1	3	1	5	1	485	2290	1805	0	0	1	3	4	1	3	1	5	1	2	2	2	2	2	2	2	1240	1385	1640	2030	2355	2730	2940	2131.5	1989.4	0	-1	6260	-1	-1	0	0	0
40	19	4	2	1	0	#	2125341	0	-1	0	802	1	2	1	2	5	3	4	1	565	3210	2645	0	0	1	2	1	2	5	3	4	1	2	2	2	2	2	2	2	1370	1525	2210	2660	3130	3540	3920	2131.5	1989.4	0	-1	7230	-1	-1	0	0	0
40	20	4	2	1	1	$	3412151	0	3	4	621	2	3	4	1	4	1	5	1	1550	3755	2205	0	0	1	3	4	1	4	1	5	1	2	2	2	2	2	2	2	2175	2435	2700	3405	3660	3980	4215	2131.5	1989.4	0	-1	7595	-1	-1	0	0	0
40	21	4	2	0	0	%	2535214	0	-1	0	817	3	2	5	3	5	2	1	4	665	2555	1890	0	0	1	2	5	3	5	2	1	4	2	2	2	2	2	2	2	1485	1775	2050	2315	2590	2885	3250	2131.5	1989.4	0	-1	6590	-1	-1	0	0	0
40	22	4	2	1	0	#	2125341	1	-1	0	900	7	2	1	2	5	3	4	1	420	1425	1005	0	0	3	2	1	2	5	3	4	1	2	2	2	2	2	2	2	1320	1495	1670	1800	1960	2090	2195	2131.5	1989.4	0	-1	5540	-1	-1	0	0	0
40	23	4	2	1	0	$	3412151	0	-1	0	626	3	3	4	1	2	1	5	1	580	2220	1640	0	0	1	3	4	1	2	1	5	1	2	2	2	2	2	2	2	1210	1345	1550	1750	2325	2570	2730	2131.5	1989.4	0	-1	6065	-1	-1	0	0	0
40	24	4	2	1	1	#	2125341	0	4	1	989	3	2	1	2	5	1	4	1	565	1990	1425	1	0	0	2	1	2	5	3	4	1	2	2	2	2	2	2	2	1555	1725	1975	2130	2300	2465	2880	2131.5	1989.4	0	-1	6195	-1	-1	0	0	0
41	1	4	2	0	0	%	3435213	0	-1	0	966	1	3	4	3	5	2	1	3	785	3985	3200	0	0	1	3	4	3	5	2	1	3	2	2	2	2	2	2	2	1755	2195	2765	3355	3830	4295	4820	2131.5	1989.4	0	-1	8170	-1	-1	0	0	0
41	2	4	2	1	1	$	3412151	0	3	3	604	3	3	4	1	3	1	5	1	455	1925	1470	0	0	3	3	4	1	3	1	5	1	2	2	2	2	2	2	2	1060	1205	1385	1785	2035	2285	2440	2131.5	1989.4	0	-1	5745	-1	-1	0	0	0
41	3	4	2	1	0	#	2125341	1	-1	0	994	3	2	1	2	5	3	4	1	485	1395	910	0	0	3	2	1	2	5	3	4	1	2	2	2	2	2	2	2	1480	1600	1780	1915	2030	2170	2280	2131.5	1989.4	0	-1	5605	-1	-1	0	0	0
41	4	4	2	1	0	#	2125341	1	-1	0	709	2	2	1	2	5	3	4	1	430	1450	1020	0	0	3	2	1	2	5	3	4	1	2	2	2	2	2	2	2	1140	1255	1395	1675	1855	1970	2070	2131.5	1989.4	0	-1	5375	-1	-1	0	0	0
41	5	4	2	1	1	#	2125341	0	3	1	655	2	2	1	2	1	3	4	1	660	2810	2150	0	0	1	2	1	2	1	3	4	1	2	2	2	2	2	2	2	1315	1575	1885	2255	2860	3055	3345	2131.5	1989.4	0	-1	6680	-1	-1	0	0	0
41	6	4	2	0	0	%	3142545	0	-1	0	959	7	3	1	4	2	5	4	5	775	2715	1940	0	0	1	3	1	4	2	5	4	5	2	2	2	2	2	2	2	1735	1970	2200	2485	2775	3105	3550	2131.5	1989.4	0	-1	6890	-1	-1	0	0	0
41	7	4	2	0	0	%	1253435	0	-1	0	843	2	1	2	5	3	4	3	5	580	2520	1940	0	0	1	1	2	5	3	4	3	5	2	2	2	2	2	2	2	1425	1670	2020	2330	2640	2950	3250	2131.5	1989.4	0	-1	6580	-1	-1	0	0	0
41	8	4	2	1	0	$	3412151	1	-1	0	923	7	3	4	1	2	1	5	1	470	1330	860	0	0	3	3	4	1	2	1	5	1	2	2	2	2	2	2	2	1395	1545	1655	1745	1955	2050	2160	2131.5	1989.4	0	-1	5470	-1	-1	0	0	0
41	9	4	2	0	0	%	3142545	0	-1	0	959	7	3	1	4	2	5	4	5	720	2305	1585	0	0	1	3	1	4	2	5	4	5	2	2	2	2	2	2	2	1680	1825	2090	2350	2680	2960	3155	2131.5	1989.4	0	-1	6480	-1	-1	0	0	0
41	10	4	2	1	1	#	2125341	0	4	1	682	2	2	1	2	5	1	4	1	565	2355	1790	0	0	1	2	1	2	5	1	4	1	2	2	2	2	2	2	2	1250	1410	1805	2055	2380	2690	2950	2131.5	1989.4	0	-1	6255	-1	-1	0	0	0
41	11	4	2	0	0	%	3124215	0	-1	0	752	1	3	1	2	4	2	1	5	595	3500	2905	0	0	1	3	1	2	4	2	1	5	2	2	2	2	2	2	2	1350	1810	2295	2810	3235	3755	4175	2131.5	1989.4	0	-1	7470	-1	-1	0	0	0
41	12	4	2	0	0	%	3124215	0	-1	0	752	1	3	1	2	4	2	1	5	615	3825	3210	0	0	1	3	1	2	4	2	1	5	2	2	2	2	2	2	2	1370	1860	2330	2830	3410	3990	4425	2131.5	1989.4	0	-1	7795	-1	-1	0	0	0
41	13	4	2	1	1	$	3412151	0	2	3	971	2	3	4	3	2	1	5	1	545	2710	2165	0	0	1	3	4	3	2	1	5	1	2	2	2	2	2	2	2	1520	1695	2270	2700	3090	3335	3570	2131.5	1989.4	0	-1	6900	-1	-1	0	0	0
41	14	4	2	0	0	%	3142545	0	-1	0	959	7	3	1	4	2	5	4	5	815	2605	1790	0	0	1	3	1	4	2	5	4	5	2	2	2	2	2	2	2	1775	2005	2295	2590	2845	3180	3425	2131.5	1989.4	0	-1	6780	-1	-1	0	0	0
41	15	4	2	1	0	$	3412151	1	-1	0	925	2	3	4	1	2	1	5	1	505	1850	1345	1	0	0	3	4	2	1	5	1	1	2	2	2	2	2	2	2	1430	1580	1825	2095	2205	2320	2670	2131.5	1989.4	0	-1	5990	-1	-1	0	0	0
41	16	4	2	1	0	#	2125341	0	-1	0	992	7	2	1	2	5	3	4	1	725	2120	1395	0	0	2	2	1	2	5	3	4	1	2	2	2	2	2	2	2	1720	1855	2270	2555	2770	2900	3010	2131.5	1989.4	0	-1	6330	-1	-1	0	0	0
41	17	4	2	1	0	#	2125341	1	-1	0	709	2	2	1	2	5	3	4	1	555	1425	870	0	0	3	2	1	2	5	3	4	1	2	2	2	2	2	2	2	1265	1410	1560	1690	1825	1940	2045	2131.5	1989.4	0	-1	5350	-1	-1	0	0	0
41	18	4	2	0	0	%	1253435	0	-1	0	843	2	1	2	5	3	4	3	5	615	2520	1905	0	0	1	1	2	5	3	4	3	5	2	2	2	2	2	2	2	1460	1740	2045	2335	2635	2980	3250	2131.5	1989.4	0	-1	6580	-1	-1	0	0	0
41	19	4	2	1	1	$	3412151	0	4	4	714	3	3	4	1	2	4	5	1	475	2315	1840	0	0	1	3	4	1	2	4	5	1	2	2	2	2	2	2	2	1190	1410	1625	1835	2250	2655	2935	2131.5	1989.4	0	-1	6245	-1	-1	0	0	0
41	20	4	2	1	0	#	2125341	0	-1	0	802	1	2	1	2	5	3	4	1	425	2370	1945	0	0	1	2	1	2	5	3	4	1	2	2	2	2	2	2	2	1230	1385	1635	2125	2400	2740	3065	2131.5	1989.4	0	-1	6390	-1	-1	0	0	0
41	21	4	2	1	1	$	3412151	0	3	4	985	1	3	4	1	4	1	5	1	625	3715	3090	0	0	1	3	4	1	4	1	5	1	2	2	2	2	2	2	2	1610	2095	2570	3140	3605	4085	4600	2131.5	1989.4	0	-1	7915	-1	-1	0	0	0
41	22	4	2	1	0	$	3412151	1	-1	0	713	3	3	4	1	2	1	5	1	450	1395	945	0	0	3	3	4	1	2	1	5	1	2	2	2	2	2	2	2	1165	1320	1455	1575	1790	1895	2010	2131.5	1989.4	0	-1	5325	-1	-1	0	0	0
41	23	4	2	1	1	#	2125341	0	3	1	936	1	2	1	2	1	3	4	1	555	2630	2075	1	0	0	2	1	2	5	3	4	1	2	2	2	2	2	2	2	1495	1630	1970	2140	2865	3230	3490	2131.5	1989.4	0	-1	6785	-1	-1	0	0	0
41	24	4	2	1	0	#	2125341	1	-1	0	900	7	2	1	2	5	3	4	1	830	1710	880	0	0	3	2	1	2	5	3	4	1	2	2	2	2	2	2	2	1730	1860	2000	2125	2245	2370	2495	2131.5	1989.4	0	-1	5825	-1	-1	0	0	0
42	1	4	2	1	0	#	2125341	0	-1	0	848	3	2	1	2	5	3	4	1	450	1665	1215	0	0	3	2	1	2	5	3	4	1	2	2	2	2	2	2	2	1300	1410	1600	1885	2105	2300	2415	2131.5	1989.4	0	-1	5730	-1	-1	0	0	0
42	2	4	2	1	0	#	2125341	0	-1	0	802	1	2	1	2	5	3	4	1	500	2965	2465	0	0	1	2	1	2	5	3	4	1	2	2	2	2	2	2	2	1305	1590	2020	2550	2995	3345	3680	2131.5	1989.4	0	-1	6985	-1	-1	0	0	0
42	3	4	2	1	0	#	2125341	1	-1	0	994	3	2	1	2	5	3	4	1	420	1335	915	0	0	3	2	1	2	5	3	4	1	2	2	2	2	2	2	2	1415	1565	1710	1840	1970	2100	2215	2131.5	1989.4	0	-1	5545	-1	-1	0	0	0
42	4	4	2	1	1	$	3412151	0	2	3	658	3	3	4	3	2	1	5	1	500	2685	2185	0	0	1	3	4	3	2	1	5	1	2	2	2	2	2	2	2	1160	1300	2115	2510	2815	3015	3220	2131.5	1989.4	0	-1	6560	-1	-1	0	0	0
42	5	4	2	0	0	%	4143512	0	-1	0	970	2	4	1	4	3	5	1	2	860	2980	2120	0	0	1	4	1	4	3	5	1	2	2	2	2	2	2	2	2	1830	2045	2465	2755	3220	3510	3845	2131.5	1989.4	0	-1	7165	-1	-1	0	0	0
42	6	4	2	0	0	%	3435213	0	-1	0	966	1	3	4	3	5	2	1	3	640	3870	3230	0	0	1	3	4	3	5	2	1	3	2	2	2	2	2	2	2	1610	2330	2790	3330	3875	4270	4745	2131.5	1989.4	0	-1	8055	-1	-1	0	0	0
42	7	4	2	0	0	%	3142545	0	-1	0	959	7	3	1	4	2	5	4	5	800	2560	1760	0	0	1	3	1	4	2	5	4	5	2	2	2	2	2	2	2	1760	1990	2215	2475	2790	3060	3365	2131.5	1989.4	0	-1	6735	-1	-1	0	0	0
42	8	4	2	0	0	%	3435125	0	-1	0	680	3	3	4	3	5	1	2	5	770	2375	1605	0	0	1	3	4	3	5	1	2	5	2	2	2	2	2	2	2	1450	1685	1935	2170	2405	2645	2920	2131.5	1989.4	0	-1	6270	-1	-1	0	0	0
42	9	4	2	1	0	$	3412151	1	-1	0	769	1	3	4	1	2	1	5	1	550	1645	1095	0	0	3	3	4	1	2	1	5	1	2	2	2	2	2	2	2	1320	1460	1595	1720	2060	2165	2305	2131.5	1989.4	0	-1	5630	-1	-1	0	0	0
42	10	4	2	0	0	%	4143512	0	-1	0	970	2	4	1	4	3	5	1	2	845	2740	1895	0	0	1	4	1	4	3	5	1	2	2	2	2	2	2	2	2	1815	2030	2325	2610	2955	3290	3585	2131.5	1989.4	0	-1	6925	-1	-1	0	0	0
42	11	4	2	1	1	#	2125341	0	2	3	679	1	2	1	3	5	3	4	1	545	3105	2560	0	0	1	2	1	3	5	3	4	1	2	2	2	2	2	2	2	1225	1485	2020	2575	3100	3355	3665	2131.5	1989.4	0	-1	7000	-1	-1	0	0	0
42	12	4	2	1	0	$	3412151	1	-1	0	769	1	3	4	1	2	1	5	1	540	1855	1315	0	0	3	3	4	1	2	1	5	1	2	2	2	2	2	2	2	1310	1470	1875	2005	2290	2380	2510	2131.5	1989.4	0	-1	5840	-1	-1	0	0	0
42	13	4	2	1	0	$	3412151	0	-1	0	626	3	3	4	1	2	1	5	1	465	1695	1230	0	0	3	3	4	1	2	1	5	1	2	2	2	2	2	2	2	1095	1255	1455	1640	1915	2095	2210	2131.5	1989.4	0	-1	5540	-1	-1	0	0	0
42	14	4	2	1	0	$	3412151	1	-1	0	769	1	3	4	1	2	1	5	1	460	1285	825	0	0	3	3	4	1	2	1	5	1	2	2	2	2	2	2	2	1230	1365	1495	1590	1775	1860	1975	2131.5	1989.4	0	-1	5270	-1	-1	0	0	0
42	15	4	2	1	0	#	2125341	1	-1	0	709	2	2	1	2	5	3	4	1	420	1325	905	0	0	3	2	1	2	5	3	4	1	2	2	2	2	2	2	2	1130	1255	1430	1545	1665	1800	1910	2131.5	1989.4	0	-1	5250	-1	-1	0	0	0
42	16	4	2	1	0	$	3412151	0	-1	0	611	1	3	4	1	2	1	5	1	465	2615	2150	0	0	1	3	4	1	2	1	5	1	2	2	2	2	2	2	2	1080	1355	1780	2230	2740	3000	3125	2131.5	1989.4	0	-1	6445	-1	-1	0	0	0
42	17	4	2	0	0	%	3435213	0	-1	0	966	1	3	4	3	5	2	1	3	920	4625	3705	0	0	1	3	4	3	5	2	1	3	2	2	2	2	2	2	2	1890	2470	2980	3680	4230	4760	5460	2131.5	1989.4	0	-1	8810	-1	-1	0	0	0
42	18	4	2	0	0	%	2535214	0	-1	0	817	3	2	5	3	5	2	1	4	900	2895	1995	0	0	1	2	5	3	5	2	1	4	2	2	2	2	2	2	2	1720	1975	2215	2555	2870	3185	3570	2131.5	1989.4	0	-1	6930	-1	-1	0	0	0
42	19	4	2	1	0	#	2125341	1	-1	0	924	1	2	1	2	5	3	4	1	555	1895	1340	1	0	0	2	2	5	3	4	1	1	2	2	2	2	2	2	2	1480	1790	1955	2075	2215	2350	2695	2131.5	1989.4	0	-1	6035	-1	-1	0	0	0
42	20	4	2	1	0	#	2125341	0	-1	0	848	3	2	1	2	5	3	4	1	510	1655	1145	0	0	3	2	1	2	5	3	4	1	2	2	2	2	2	2	2	1360	1530	1695	1855	2035	2270	2410	2131.5	1989.4	0	-1	5720	-1	-1	0	0	0
42	21	4	2	1	0	#	2125341	0	-1	0	848	3	2	1	2	5	3	4	1	560	1930	1370	0	0	3	2	1	2	5	3	4	1	2	2	2	2	2	2	2	1410	1545	1840	2030	2205	2535	2695	2131.5	1989.4	0	-1	5995	-1	-1	0	0	0
42	22	4	2	1	0	$	3412151	1	-1	0	713	3	3	4	1	2	1	5	1	765	1650	885	0	0	3	3	4	1	2	1	5	1	2	2	2	2	2	2	2	1480	1605	1770	1875	2070	2175	2270	2131.5	1989.4	0	-1	5580	-1	-1	0	0	0
42	23	4	2	1	0	$	3412151	0	-1	0	991	2	3	4	1	2	1	5	1	550	1895	1345	0	0	3	3	4	1	2	1	5	1	2	2	2	2	2	2	2	1545	1740	2015	2180	2445	2675	2795	2131.5	1989.4	0	-1	6105	-1	-1	0	0	0
42	24	4	2	1	0	#	2125341	1	-1	0	900	7	2	1	2	5	3	4	1	660	1620	960	0	0	3	2	1	2	5	3	4	1	2	2	2	2	2	2	2	1560	1690	1875	2010	2155	2285	2400	2131.5	1989.4	0	-1	5735	-1	-1	0	0	0
43	1	4	2	0	0	%	3435125	0	-1	0	680	3	3	4	3	5	1	2	5	715	2425	1710	0	0	1	3	4	3	5	1	2	5	2	2	2	2	2	2	2	1395	1630	1880	2120	2395	2655	2985	2026.5	1891.4	0	-1	6320	-1	-1	0	0	0
43	2	4	2	0	0	%	2535214	0	-1	0	817	3	2	5	3	5	2	1	4	810	2955	2145	0	0	1	2	5	3	5	2	1	4	2	2	2	2	2	2	2	1630	1920	2155	2430	2970	3395	3660	2026.5	1891.4	0	-1	6990	-1	-1	0	0	0
43	3	4	2	1	0	$	3412151	0	-1	0	991	2	3	4	1	2	1	5	1	530	1990	1460	0	0	2	3	4	1	2	1	5	1	2	2	2	2	2	2	2	1525	1680	2020	2230	2515	2705	2870	2026.5	1891.4	0	-1	6200	-1	-1	0	0	0
43	4	4	2	0	0	%	1253435	0	-1	0	843	2	1	2	5	3	4	3	5	615	3055	2440	0	0	1	1	2	5	3	4	3	5	2	2	2	2	2	2	2	1460	1705	2060	2350	2745	3490	3750	2026.5	1891.4	0	-1	7115	-1	-1	0	0	0
43	5	4	2	1	0	#	2125341	1	-1	0	924	1	2	1	2	5	3	4	1	435	1390	955	0	0	3	2	1	2	5	3	4	1	2	2	2	2	2	2	2	1360	1520	1675	1805	1925	2065	2185	2026.5	1891.4	0	-1	5530	-1	-1	0	0	0
43	6	4	2	1	1	$	3412151	0	2	5	897	1	3	4	5	2	1	5	1	510	3135	2625	0	0	1	3	4	5	2	1	5	1	2	2	2	2	2	2	2	1410	1635	2165	2675	3300	3740	3905	2026.5	1891.4	0	-1	7250	-1	-1	0	0	0
43	7	4	2	0	0	%	4143512	0	-1	0	970	2	4	1	4	3	5	1	2	795	2530	1735	0	0	1	4	1	4	3	5	1	2	2	2	2	2	2	2	2	1765	1985	2265	2520	2885	3180	3405	2026.5	1891.4	0	-1	6715	-1	-1	0	0	0
43	8	4	2	0	0	%	3425212	0	-1	0	765	7	3	4	2	5	2	1	2	675	2195	1520	0	0	1	3	4	2	5	2	1	2	2	2	2	2	2	2	2	1440	1680	1930	2150	2385	2640	2830	2026.5	1891.4	0	-1	6175	-1	-1	0	0	0
43	9	4	2	0	0	%	3425212	0	-1	0	765	7	3	4	2	5	2	1	2	825	2295	1470	0	0	1	3	4	2	5	2	1	2	2	2	2	2	2	2	2	1590	1765	1995	2235	2470	2740	2935	2026.5	1891.4	0	-1	6275	-1	-1	0	0	0
43	10	4	2	1	0	#	2125341	0	-1	0	992	7	2	1	2	5	3	4	1	625	2045	1420	0	0	1	2	1	2	5	3	4	1	2	2	2	2	2	2	2	1620	1805	1990	2205	2380	2700	2905	2026.5	1891.4	0	-1	6255	-1	-1	0	0	0
43	11	4	2	1	0	$	3412151	0	-1	0	626	3	3	4	1	2	1	5	1	710	2875	2165	1	0	0	4	4	1	2	1	5	1	2	2	2	2	2	2	2	1340	1975	2335	2600	2970	3230	3375	2026.5	1891.4	0	-1	6720	-1	-1	0	0	0
43	12	4	2	0	0	%	3425212	0	-1	0	765	7	3	4	2	5	2	1	2	755	2760	2005	0	0	1	3	4	2	5	2	1	2	2	2	2	2	2	2	2	1520	1700	1940	2260	3030	3270	3395	2026.5	1891.4	0	-1	6740	-1	-1	0	0	0
43	13	4	2	0	0	%	3435125	0	-1	0	680	3	3	4	3	5	1	2	5	605	2525	1920	0	0	1	3	4	3	5	1	2	5	2	2	2	2	2	2	2	1285	1515	1750	2000	2355	2625	3085	2026.5	1891.4	0	-1	6420	-1	-1	0	0	0
43	14	4	2	0	0	%	3124215	0	-1	0	752	1	3	1	2	4	2	1	5	560	3430	2870	0	0	1	3	1	2	4	2	1	5	2	2	2	2	2	2	2	1315	1780	2225	2725	3175	3625	4035	2026.5	1891.4	0	-1	7400	-1	-1	0	0	0
43	15	4	2	1	0	$	3412151	0	-1	0	733	7	3	4	1	2	1	5	1	675	1700	1025	0	0	3	3	4	1	2	1	5	1	2	2	2	2	2	2	2	1410	1565	1735	1860	2130	2220	2335	2026.5	1891.4	0	-1	5650	-1	-1	0	0	0
43	16	4	2	1	0	#	2125341	0	-1	0	802	1	2	1	2	5	3	4	1	460	2345	1885	0	0	1	2	1	2	5	3	4	1	2	2	2	2	2	2	2	1265	1465	1905	2345	2795	2925	3025	2026.5	1891.4	0	-1	6365	-1	-1	0	0	0
43	17	4	2	1	0	#	2125341	1	-1	0	709	2	2	1	2	5	3	4	1	925	1780	855	0	0	3	2	1	2	5	3	4	1	2	2	2	2	2	2	2	1635	1755	1885	2000	2130	2265	2370	2026.5	1891.4	0	-1	5705	-1	-1	0	0	0
43	18	4	2	1	0	$	3412151	1	-1	0	925	2	3	4	1	2	1	5	1	455	1455	1000	0	0	3	3	4	1	2	1	5	1	2	2	2	2	2	2	2	1380	1510	1660	1775	2085	2160	2275	2026.5	1891.4	0	-1	5595	-1	-1	0	0	0
43	19	4	2	1	0	$	3412151	0	-1	0	733	7	3	4	1	2	1	5	1	605	1675	1070	0	0	3	3	4	1	2	1	5	1	2	2	2	2	2	2	2	1340	1485	1670	1820	2080	2190	2315	2026.5	1891.4	0	-1	5625	-1	-1	0	0	0
43	20	4	2	1	0	$	3412151	1	-1	0	923	7	3	4	1	2	1	5	1	500	2320	1820	1	0	0	3	4	2	3	2	5	1	2	2	2	2	2	2	2	1425	1575	1840	2870	2970	3005	3030	2026.5	1891.4	0	-1	6460	-1	-1	0	0	0
43	21	4	2	0	0	%	3435125	0	-1	0	680	3	3	4	3	5	1	2	5	850	3325	2475	0	0	1	3	4	3	5	1	2	5	2	2	2	2	2	2	2	1530	1660	2570	2840	3455	3640	3910	2026.5	1891.4	0	-1	7220	-1	-1	0	0	0
43	22	4	2	1	0	#	2125341	0	-1	0	848	3	2	1	2	5	3	4	1	505	1685	1180	0	0	3	2	1	2	5	3	4	1	2	2	2	2	2	2	2	1355	1520	1720	1905	2115	2295	2455	2026.5	1891.4	0	-1	5750	-1	-1	0	0	0
43	23	4	2	0	0	%	3425212	0	-1	0	765	7	3	4	2	5	2	1	2	740	2255	1515	0	0	1	3	4	2	5	2	1	2	2	2	2	2	2	2	2	1505	1715	1905	2140	2420	2695	2885	2026.5	1891.4	0	-1	6235	-1	-1	0	0	0
43	24	4	2	0	0	%	3435125	0	-1	0	680	3	3	4	3	5	1	2	5	835	3120	2285	0	0	1	3	4	3	5	1	2	5	2	2	2	2	2	2	2	1515	2035	2305	2655	3235	3495	3695	2026.5	1891.4	0	-1	7015	-1	-1	0	0	0
44	1	4	2	1	0	#	2125341	1	-1	0	620	7	2	1	2	5	3	4	1	420	1335	915	0	0	3	2	1	2	5	3	4	1	2	2	2	2	2	2	2	1040	1180	1305	1455	1605	1755	1855	2026.5	1891.4	0	-1	5170	-1	-1	0	0	0
44	2	4	2	1	0	#	2125341	0	-1	0	892	3	2	1	2	5	3	4	1	530	1725	1195	0	0	3	2	1	2	5	3	4	1	2	2	2	2	2	2	2	1425	1630	1790	2060	2260	2420	2505	2026.5	1891.4	0	-1	5835	-1	-1	0	0	0
44	3	4	2	1	0	$	3412151	0	-1	0	822	3	3	4	1	2	1	5	1	590	2000	1410	0	0	2	3	4	1	2	1	5	1	2	2	2	2	2	2	2	1415	1560	1750	1960	2425	2570	2745	2026.5	1891.4	0	-1	6040	-1	-1	0	0	0
44	4	4	2	0	0	%	5415232	0	-1	0	774	3	5	4	1	5	2	3	2	860	3030	2170	0	0	1	5	4	1	5	2	3	2	2	2	2	2	2	2	2	1635	1970	2300	2795	3115	3445	3670	2026.5	1891.4	0	-1	7020	-1	-1	0	0	0
44	5	4	2	1	0	$	3412151	0	-1	0	622	7	3	4	1	2	1	5	1	590	1765	1175	0	0	3	3	4	1	2	1	5	1	2	2	2	2	2	2	2	1215	1375	1620	1760	2015	2130	2290	2026.5	1891.4	0	-1	5605	-1	-1	0	0	0
44	6	4	2	0	0	%	5415232	0	-1	0	774	3	5	4	1	5	2	3	2	780	2605	1825	0	0	1	5	4	1	5	2	3	2	2	2	2	2	2	2	2	1555	1830	2090	2350	2690	3075	3270	2026.5	1891.4	0	-1	6595	-1	-1	0	0	0
44	7	4	2	0	0	%	5453231	0	-1	0	737	1	5	4	5	3	2	3	1	765	4100	3335	0	0	1	5	4	5	3	2	3	1	2	2	2	2	2	2	2	1505	2160	2675	3175	3700	4250	4730	2026.5	1891.4	0	-1	8055	-1	-1	0	0	0
44	8	4	2	1	0	$	3412151	1	-1	0	829	7	3	4	1	2	1	5	1	515	1965	1450	1	0	0	3	4	1	2	2	4	1	2	2	2	2	2	2	2	1345	1480	1610	1700	2410	2520	2710	2026.5	1891.4	0	-1	6010	-1	-1	0	0	0
44	9	4	2	1	1	$	3412151	0	4	4	917	7	3	4	1	2	4	5	1	650	3030	2380	0	0	1	3	4	1	2	4	5	1	2	2	2	2	2	2	2	1570	1715	1985	2140	3450	3665	3825	2026.5	1891.4	0	-1	7165	-1	-1	0	0	0
44	10	4	2	0	0	%	5424315	0	-1	0	650	2	5	4	2	4	3	1	5	610	2520	1910	0	0	1	5	4	2	4	3	1	5	2	2	2	2	2	2	2	1260	1515	1830	2155	2475	2765	3060	2026.5	1891.4	0	-1	6385	-1	-1	0	0	0
44	11	4	2	0	0	%	2532421	0	-1	0	904	2	2	5	3	2	4	2	1	785	2820	2035	0	0	1	2	5	3	2	4	2	1	2	2	2	2	2	2	2	1690	1840	2180	2425	2825	3335	3625	2026.5	1891.4	0	-1	6940	-1	-1	0	0	0
44	12	4	2	1	0	#	2125341	0	-1	0	616	2	2	1	2	5	3	4	1	555	2310	1755	0	0	1	2	1	2	5	3	4	1	2	2	2	2	2	2	2	1175	1325	1685	1925	2200	2375	2840	2026.5	1891.4	0	-1	6145	-1	-1	0	0	0
44	13	4	2	1	0	#	2125341	0	-1	0	616	2	2	1	2	5	3	4	1	495	1665	1170	0	0	3	2	1	2	5	3	4	1	2	2	2	2	2	2	2	1115	1280	1535	1760	1965	2095	2200	2026.5	1891.4	0	-1	5500	-1	-1	0	0	0
44	14	4	2	1	0	$	3412151	1	-1	0	829	7	3	4	1	2	1	5	1	730	1700	970	0	0	3	3	4	1	2	1	5	1	2	2	2	2	2	2	2	1560	1685	1855	1950	2225	2320	2445	2026.5	1891.4	0	-1	5745	-1	-1	0	0	0
44	15	4	2	1	0	$	3412151	1	-1	0	724	2	3	4	1	2	1	5	1	490	1730	1240	1	0	0	3	4	2	1	5	1	1	2	2	2	2	2	2	2	1215	1345	1575	1770	1855	1970	2350	2026.5	1891.4	0	-1	5670	-1	-1	0	0	0
44	16	4	2	0	0	%	5415232	0	-1	0	774	3	5	4	1	5	2	3	2	1195	3175	1980	0	0	1	5	4	1	5	2	3	2	2	2	2	2	2	2	2	1970	2235	2475	2850	3255	3660	3845	2026.5	1891.4	0	-1	7165	-1	-1	0	0	0
44	17	4	2	0	0	%	5424315	0	-1	0	650	2	5	4	2	4	3	1	5	655	2345	1690	0	0	1	5	4	2	4	3	1	5	2	2	2	2	2	2	2	1305	1550	1830	2110	2380	2625	2880	2026.5	1891.4	0	-1	6210	-1	-1	0	0	0
44	18	4	2	1	0	#	2125341	1	-1	0	883	3	2	1	2	5	3	4	1	605	1510	905	0	0	3	2	1	2	5	3	4	1	2	2	2	2	2	2	2	1490	1630	1760	1885	2030	2170	2280	2026.5	1891.4	0	-1	5610	-1	-1	0	0	0
44	19	4	2	1	0	$	3412151	1	-1	0	891	3	3	4	1	2	1	5	1	415	1290	875	0	0	3	3	4	1	2	1	5	1	2	2	2	2	2	2	2	1310	1435	1595	1680	1890	1985	2105	2026.5	1891.4	0	-1	5400	-1	-1	0	0	0
44	20	4	2	1	0	#	2125341	1	-1	0	866	1	2	1	2	5	3	4	1	380	1285	905	0	0	3	2	1	2	5	3	4	1	2	2	2	2	2	2	2	1250	1410	1540	1665	1800	1945	2035	2026.5	1891.4	0	-1	5370	-1	-1	0	0	0
44	21	4	2	0	0	%	2141513	0	-1	0	982	7	2	1	4	1	5	1	3	645	2480	1835	0	0	1	2	1	4	1	5	1	3	2	2	2	2	2	2	2	1630	1805	2155	2405	2750	3020	3365	2026.5	1891.4	0	-1	6680	-1	-1	0	0	0
44	22	4	2	0	0	%	2141513	0	-1	0	982	7	2	1	4	1	5	1	3	675	2625	1950	0	0	1	2	1	4	1	5	1	3	2	2	2	2	2	2	2	1660	1805	2125	2400	2730	3170	3485	2026.5	1891.4	0	-1	6825	-1	-1	0	0	0
44	23	4	2	1	0	$	3412151	1	-1	0	724	2	3	4	1	2	1	5	1	510	1340	830	0	0	3	3	4	1	2	1	5	1	2	2	2	2	2	2	2	1235	1360	1485	1575	1755	1865	1970	2026.5	1891.4	0	-1	5280	-1	-1	0	0	0
44	24	4	2	1	0	#	2125341	0	-1	0	616	2	2	1	2	5	3	4	1	525	1880	1355	0	0	3	2	1	2	5	3	4	1	2	2	2	2	2	2	2	1145	1270	1570	1815	2060	2225	2400	2026.5	1891.4	0	-1	5715	-1	-1	0	0	0
45	1	4	2	0	0	%	5424315	0	-1	0	650	2	5	4	2	4	3	1	5	1380	3125	1745	0	0	1	5	4	2	4	3	1	5	2	2	2	2	2	2	2	2030	2245	2560	2775	3125	3360	3675	2026.5	1891.4	0	-1	6990	-1	-1	0	0	0
45	2	4	2	1	1	$	3412151	0	2	3	784	2	3	4	3	2	1	5	1	460	2475	2015	0	0	1	3	4	3	2	1	5	1	2	2	2	2	2	2	2	1245	1420	2335	2535	2830	2995	3140	2026.5	1891.4	0	-1	6475	-1	-1	0	0	0
45	3	4	2	1	0	$	3412151	0	-1	0	738	2	3	4	1	2	1	5	1	510	1735	1225	0	0	3	3	4	1	2	1	5	1	2	2	2	2	2	2	2	1250	1395	1810	1955	2185	2260	2385	2026.5	1891.4	0	-1	5690	-1	-1	0	0	0
45	4	4	2	1	0	$	3412151	0	-1	0	822	3	3	4	1	2	1	5	1	470	1865	1395	0	0	3	3	4	1	2	1	5	1	2	2	2	2	2	2	2	1295	1425	1590	1805	2040	2210	2595	2026.5	1891.4	0	-1	5905	-1	-1	0	0	0
45	5	4	2	1	0	#	2125341	0	-1	0	933	1	2	1	2	5	3	4	1	505	3035	2530	0	0	1	2	1	2	5	3	4	1	2	2	2	2	2	2	2	1440	1825	2185	2580	2990	3450	3850	2026.5	1891.4	0	-1	7185	-1	-1	0	0	0
45	6	4	2	1	0	#	2125341	0	-1	0	933	1	2	1	2	5	3	4	1	490	2145	1655	0	0	1	2	1	2	5	3	4	1	2	2	2	2	2	2	2	1425	1580	1935	2540	2750	2875	2960	2026.5	1891.4	0	-1	6295	-1	-1	0	0	0
45	7	4	2	1	0	$	3412151	1	-1	0	891	3	3	4	1	2	1	5	1	405	1980	1575	0	0	2	3	4	1	2	1	5	1	2	2	2	2	2	2	2	1300	1450	2050	2220	2515	2630	2765	2026.5	1891.4	0	-1	6090	-1	-1	0	0	0
45	8	4	2	0	0	%	5352431	0	-1	0	931	1	5	3	5	2	4	3	1	505	3720	3215	0	0	1	5	3	5	2	4	3	1	2	2	2	2	2	2	2	1440	2010	2590	3100	3660	4140	4545	2026.5	1891.4	0	-1	7870	-1	-1	0	0	0
45	9	4	2	0	0	%	2532421	0	-1	0	904	2	2	5	3	2	4	2	1	810	2560	1750	0	0	1	2	5	3	2	4	2	1	2	2	2	2	2	2	2	1715	1930	2215	2495	2900	3155	3350	2026.5	1891.4	0	-1	6680	-1	-1	0	0	0
45	10	4	2	1	0	$	3412151	1	-1	0	891	3	3	4	1	2	1	5	1	425	1310	885	0	0	3	3	4	1	2	1	5	1	2	2	2	2	2	2	2	1320	1445	1570	1695	1895	2000	2110	2026.5	1891.4	0	-1	5420	-1	-1	0	0	0
45	11	4	2	1	0	$	3412151	0	-1	0	738	2	3	4	1	2	1	5	1	620	1570	950	0	0	3	3	4	1	2	1	5	1	2	2	2	2	2	2	2	1360	1485	1620	1740	2030	2095	2220	2026.5	1891.4	0	-1	5525	-1	-1	0	0	0
45	12	4	2	1	0	#	2125341	1	-1	0	883	3	2	1	2	5	3	4	1	460	1305	845	0	0	3	2	1	2	5	3	4	1	2	2	2	2	2	2	2	1345	1495	1595	1715	1855	1985	2090	2026.5	1891.4	0	-1	5405	-1	-1	0	0	0
45	13	4	2	1	0	#	2125341	0	-1	0	737	7	2	1	2	5	3	4	1	335	1160	825	0	0	3	2	1	2	5	3	4	1	2	2	2	2	2	2	2	1075	1205	1310	1420	1555	1680	1780	2026.5	1891.4	0	-1	5115	-1	-1	0	0	0
45	14	4	2	1	0	$	3412151	1	-1	0	724	2	3	4	1	2	1	5	1	1125	1960	835	0	0	2	3	4	1	2	1	5	1	2	2	2	2	2	2	2	1850	1975	2115	2205	2370	2470	2595	2026.5	1891.4	0	-1	5900	-1	-1	0	0	0
45	15	4	2	1	0	$	3412151	1	-1	0	829	7	3	4	1	2	1	5	1	395	1220	825	0	0	3	3	4	1	2	1	5	1	2	2	2	2	2	2	2	1225	1345	1470	1550	1730	1835	1945	2026.5	1891.4	0	-1	5265	-1	-1	0	0	0
45	16	4	2	1	1	$	3412151	0	4	4	824	3	3	4	1	2	4	5	1	535	2705	2170	0	0	1	3	4	1	2	4	5	1	2	2	2	2	2	2	2	1360	1600	1810	1990	2475	3155	3410	2026.5	1891.4	0	-1	6745	-1	-1	0	0	0
45	17	4	2	1	0	#	2125341	1	-1	0	663	2	2	1	2	5	3	4	1	655	1560	905	0	0	3	2	1	2	5	3	4	1	2	2	2	2	2	2	2	1320	1440	1565	1715	1870	2020	2105	2026.5	1891.4	0	-1	5440	-1	-1	0	0	0
45	18	4	2	1	0	#	2125341	1	-1	0	663	2	2	1	2	5	3	4	1	405	1240	835	0	0	3	2	1	2	5	3	4	1	2	2	2	2	2	2	2	1070	1195	1310	1415	1555	1685	1785	2026.5	1891.4	0	-1	5120	-1	-1	0	0	0
45	19	4	2	1	0	#	2125341	1	-1	0	620	7	2	1	2	5	3	4	1	440	1325	885	0	0	3	2	1	2	5	3	4	1	2	2	2	2	2	2	2	1060	1190	1305	1425	1575	1725	1825	2026.5	1891.4	0	-1	5160	-1	-1	0	0	0
45	20	4	2	0	0	%	5124134	0	-1	0	834	3	5	1	2	4	1	3	4	795	2940	2145	0	0	1	5	1	2	4	1	3	4	2	2	2	2	2	2	2	1630	1925	2140	2745	3025	3250	3695	2026.5	1891.4	0	-1	6990	-1	-1	0	0	0
45	21	4	2	1	1	#	2125341	0	3	4	652	7	2	1	2	4	3	4	1	485	2200	1715	0	0	1	2	1	2	4	3	4	1	2	2	2	2	2	2	2	1140	1280	1470	1690	1890	2540	2745	2026.5	1891.4	0	-1	6070	-1	-1	0	0	0
45	22	4	2	1	0	#	2125341	0	-1	0	737	7	2	1	2	5	3	4	1	510	1675	1165	0	0	3	2	1	2	5	3	4	1	2	2	2	2	2	2	2	1250	1385	1585	1800	2055	2195	2300	2026.5	1891.4	0	-1	5630	-1	-1	0	0	0
45	23	4	2	1	0	$	3412151	1	-1	0	683	1	3	4	1	2	1	5	1	495	1370	875	0	0	3	3	4	1	2	1	5	1	2	2	2	2	2	2	2	1180	1305	1435	1555	1750	1835	1950	2026.5	1891.4	0	-1	5270	-1	-1	0	0	0
45	24	4	2	1	1	#	2125341	0	2	3	688	7	2	1	3	5	3	4	1	500	2455	1955	0	0	1	2	1	3	5	3	4	1	2	2	2	2	2	2	2	1190	1340	1900	2180	2495	2750	3035	2026.5	1891.4	0	-1	6360	-1	-1	0	0	0
46	1	4	2	0	0	%	5352431	0	-1	0	931	1	5	3	5	2	4	3	1	600	3785	3185	0	0	1	5	3	5	2	4	3	1	2	2	2	2	2	2	2	1535	1955	2515	3020	3625	4140	4610	2008.125	1874.25	0	-1	7935	-1	-1	0	0	0
46	2	4	2	1	0	#	2125341	1	-1	0	620	7	2	1	2	5	3	4	1	440	1275	835	0	0	3	2	1	2	5	3	4	1	2	2	2	2	2	2	2	1060	1190	1310	1415	1560	1695	1800	2008.125	1874.25	0	-1	5110	-1	-1	0	0	0
46	3	4	2	0	0	%	5453231	0	-1	0	737	1	5	4	5	3	2	3	1	655	4195	3540	0	0	1	5	4	5	3	2	3	1	2	2	2	2	2	2	2	1395	1980	2720	3295	3735	4300	4810	2008.125	1874.25	0	-1	8150	-1	-1	0	0	0
46	4	4	2	1	0	#	2125341	1	-1	0	663	2	2	1	2	5	3	4	1	585	1465	880	0	0	3	2	1	2	5	3	4	1	2	2	2	2	2	2	2	1250	1390	1530	1645	1780	1915	2025	2008.125	1874.25	0	-1	5345	-1	-1	0	0	0
46	5	4	2	1	0	$	3412151	0	-1	0	622	7	3	4	1	2	1	5	1	1035	2105	1070	0	0	1	3	4	1	2	1	5	1	2	2	2	2	2	2	2	1660	1830	1980	2155	2400	2515	2635	2008.125	1874.25	0	-1	5945	-1	-1	0	0	0
46	6	4	2	1	0	$	3412151	1	-1	0	724	2	3	4	1	2	1	5	1	1030	1950	920	0	0	2	3	4	1	2	1	5	1	2	2	2	2	2	2	2	1755	1875	2020	2120	2320	2440	2580	2008.125	1874.25	0	-1	5890	-1	-1	0	0	0
46	7	4	2	1	0	$	3412151	0	-1	0	605	1	3	4	1	2	1	5	1	775	2710	1935	0	0	1	3	4	1	2	1	5	1	2	2	2	2	2	2	2	1380	1610	2250	2595	2985	3105	3225	2008.125	1874.25	0	-1	6530	-1	-1	0	0	0
46	8	4	2	0	0	%	5415232	0	-1	0	774	3	5	4	1	5	2	3	2	915	2710	1795	0	0	1	5	4	1	5	2	3	2	2	2	2	2	2	2	2	1690	1945	2185	2505	2830	3195	3390	2008.125	1874.25	0	-1	6700	-1	-1	0	0	0
46	9	4	2	1	0	$	3412151	1	-1	0	724	2	3	4	1	2	1	5	1	510	1445	935	0	0	3	3	4	1	2	1	5	1	2	2	2	2	2	2	2	1235	1375	1530	1630	1825	1920	2040	2008.125	1874.25	0	-1	5385	-1	-1	0	0	0
46	10	4	2	1	1	$	3412151	0	2	3	952	7	3	4	3	2	1	5	1	575	2220	1645	0	0	1	3	4	3	2	1	5	1	2	2	2	2	2	2	2	1530	1675	2215	2520	2885	2965	3090	2008.125	1874.25	0	-1	6390	-1	-1	0	0	0
46	11	4	2	0	0	%	4215232	0	-1	0	615	7	4	2	1	5	2	3	2	810	2485	1675	0	0	1	4	2	1	5	2	3	2	2	2	2	2	2	2	2	1425	1635	1880	2165	2455	2780	2985	2008.125	1874.25	0	-1	6315	-1	-1	0	0	0
46	12	4	2	1	1	#	2125341	0	4	1	796	3	2	1	2	5	1	4	1	535	2195	1660	1	0	0	2	1	2	5	2	4	1	2	2	2	2	2	2	2	1335	1460	1660	1860	2130	2740	2865	2008.125	1874.25	0	-1	6210	-1	-1	0	0	0
46	13	4	2	1	0	$	3412151	1	-1	0	683	1	3	4	1	2	1	5	1	455	1345	890	0	0	3	3	4	1	2	1	5	1	2	2	2	2	2	2	2	1140	1270	1395	1485	1685	1790	1910	2008.125	1874.25	0	-1	5245	-1	-1	0	0	0
46	14	4	2	1	1	$	3412151	0	3	5	969	7	3	4	1	5	1	5	1	540	1955	1415	0	0	2	3	4	1	5	1	5	1	2	2	2	2	2	2	2	1510	1630	1820	2170	2500	2640	2790	2008.125	1874.25	0	-1	6140	-1	-1	0	0	0
46	15	4	2	0	0	%	5124134	0	-1	0	834	3	5	1	2	4	1	3	4	1085	3370	2285	1	0	0	5	1	2	4	1	3	5	2	2	2	2	2	2	2	1920	2190	2500	3225	3585	3865	4100	2008.125	1874.25	0	-1	7420	-1	-1	0	0	0
46	16	4	2	1	0	#	2125341	1	-1	0	883	3	2	1	2	5	3	4	1	1890	2780	890	1	0	0	2	3	1	2	5	1	5	2	2	2	2	2	2	2	2775	2880	3035	3130	3325	3450	3580	2008.125	1874.25	0	-1	6880	-1	-1	0	0	0
46	17	4	2	0	0	%	5352431	0	-1	0	931	1	5	3	5	2	4	3	1	760	3970	3210	0	0	1	5	3	5	2	4	3	1	2	2	2	2	2	2	2	1695	2280	2795	3290	3895	4365	4805	2008.125	1874.25	0	-1	8120	-1	-1	0	0	0
46	18	4	2	0	0	%	5352431	0	-1	0	931	1	5	3	5	2	4	3	1	695	3945	3250	0	0	1	5	3	5	2	4	3	1	2	2	2	2	2	2	2	1630	2120	2685	3205	3775	4280	4735	2008.125	1874.25	0	-1	8095	-1	-1	0	0	0
46	19	4	2	1	0	#	2125341	1	-1	0	883	3	2	1	2	5	3	4	1	445	1360	915	0	0	3	2	1	2	5	3	4	1	2	2	2	2	2	2	2	1330	1510	1630	1760	1875	2025	2120	2008.125	1874.25	0	-1	5460	-1	-1	0	0	0
46	20	4	2	1	0	#	2125341	1	-1	0	663	2	2	1	2	5	3	4	1	475	1675	1200	1	0	0	2	1	2	5	2	3	1	2	2	2	2	2	2	2	1140	1270	1380	1510	1675	2060	2200	2008.125	1874.25	0	-1	5555	-1	-1	0	0	0
46	21	4	2	1	0	$	3412151	0	-1	0	605	1	3	4	1	2	1	5	1	535	2290	1755	0	0	1	3	4	1	2	1	5	1	2	2	2	2	2	2	2	1140	1290	1835	2190	2590	2690	2815	2008.125	1874.25	0	-1	6110	-1	-1	0	0	0
46	22	4	2	0	0	%	4215232	0	-1	0	615	7	4	2	1	5	2	3	2	950	2680	1730	0	0	1	4	2	1	5	2	3	2	2	2	2	2	2	2	2	1565	1720	1945	2195	2525	2900	3190	2008.125	1874.25	0	-1	6510	-1	-1	0	0	0
46	23	4	2	1	0	#	2125341	0	-1	0	892	3	2	1	2	5	3	4	1	515	1740	1225	0	0	3	2	1	2	5	3	4	1	2	2	2	2	2	2	2	1410	1555	1700	1980	2220	2375	2520	2008.125	1874.25	0	-1	5850	-1	-1	0	0	0
46	24	4	2	1	0	#	2125341	1	-1	0	866	1	2	1	2	5	3	4	1	675	1535	860	0	0	3	2	1	2	5	3	4	1	2	2	2	2	2	2	2	1545	1685	1810	1935	2060	2190	2290	2008.125	1874.25	0	-1	5620	-1	-1	0	0	0
47	1	4	2	1	0	$	3412151	1	-1	0	891	3	3	4	1	2	1	5	1	435	1345	910	0	0	3	3	4	1	2	1	5	1	2	2	2	2	2	2	2	1330	1450	1580	1685	1870	1995	2120	2008.125	1874.25	0	-1	5455	-1	-1	0	0	0
47	2	4	2	1	0	#	2125341	0	-1	0	616	2	2	1	2	5	3	4	1	490	1725	1235	0	0	3	2	1	2	5	3	4	1	2	2	2	2	2	2	2	1110	1235	1540	1745	1990	2135	2240	2008.125	1874.25	0	-1	5560	-1	-1	0	0	0
47	3	4	2	0	0	%	5453231	0	-1	0	737	1	5	4	5	3	2	3	1	600	3685	3085	0	0	1	5	4	5	3	2	3	1	2	2	2	2	2	2	2	1340	1875	2445	3065	3495	3920	4310	2008.125	1874.25	0	-1	7640	-1	-1	0	0	0
47	4	4	2	0	0	%	5453231	0	-1	0	737	1	5	4	5	3	2	3	1	575	3570	2995	0	0	1	5	4	5	3	2	3	1	2	2	2	2	2	2	2	1315	1835	2335	2845	3240	3760	4190	2008.125	1874.25	0	-1	7525	-1	-1	0	0	0
47	5	4	2	0	0	%	2532421	0	-1	0	904	2	2	5	3	2	4	2	1	610	2505	1895	0	0	1	2	5	3	2	4	2	1	2	2	2	2	2	2	2	1515	1755	2060	2350	2780	3055	3265	2008.125	1874.25	0	-1	6625	-1	-1	0	0	0
47	6	4	2	0	0	%	2532421	0	-1	0	904	2	2	5	3	2	4	2	1	670	2425	1755	0	0	1	2	5	3	2	4	2	1	2	2	2	2	2	2	2	1575	1820	2100	2380	2715	2960	3185	2008.125	1874.25	0	-1	6545	-1	-1	0	0	0
47	7	4	2	1	0	$	3412151	0	-1	0	605	1	3	4	1	2	1	5	1	590	2160	1570	0	0	1	3	4	1	2	1	5	1	2	2	2	2	2	2	2	1195	1360	1860	2200	2410	2525	2655	2008.125	1874.25	0	-1	5980	-1	-1	0	0	0
47	8	4	2	1	0	$	3412151	0	-1	0	738	2	3	4	1	2	1	5	1	490	1890	1400	0	0	2	3	4	1	2	1	5	1	2	2	2	2	2	2	2	1230	1360	1810	1980	2275	2385	2515	2008.125	1874.25	0	-1	5845	-1	-1	0	0	0
47	9	4	2	0	0	%	2141513	0	-1	0	982	7	2	1	4	1	5	1	3	825	3005	2180	0	0	1	2	1	4	1	5	1	3	2	2	2	2	2	2	2	1810	1940	2420	2665	3070	3565	3850	2008.125	1874.25	0	-1	7205	-1	-1	0	0	0
47	10	4	2	0	0	%	5124134	0	-1	0	834	3	5	1	2	4	1	3	4	865	2940	2075	0	0	1	5	1	2	4	1	3	4	2	2	2	2	2	2	2	1700	2020	2290	2660	3105	3385	3650	2008.125	1874.25	0	-1	6990	-1	-1	0	0	0
47	11	4	2	1	0	$	3412151	1	-1	0	683	1	3	4	1	2	1	5	1	415	1270	855	0	0	3	3	4	1	2	1	5	1	2	2	2	2	2	2	2	1100	1235	1350	1445	1625	1720	1860	2008.125	1874.25	0	-1	5170	-1	-1	0	0	0
47	12	4	2	1	0	$	3412151	1	-1	0	683	1	3	4	1	2	1	5	1	415	1360	945	0	0	3	3	4	1	2	1	5	1	2	2	2	2	2	2	2	1100	1220	1345	1440	1625	1730	1865	2008.125	1874.25	0	-1	5260	-1	-1	0	0	0
47	13	4	2	1	0	$	3412151	0	-1	0	822	3	3	4	1	2	1	5	1	535	1745	1210	0	0	3	3	4	1	2	1	5	1	2	2	2	2	2	2	2	1360	1540	1755	1930	2175	2345	2475	2008.125	1874.25	0	-1	5785	-1	-1	0	0	0
47	14	4	2	1	0	$	3412151	0	-1	0	738	2	3	4	1	2	1	5	1	540	2020	1480	0	0	1	3	4	1	2	1	5	1	2	2	2	2	2	2	2	1280	1480	1920	2100	2370	2470	2645	2008.125	1874.25	0	-1	5975	-1	-1	0	0	0
47	15	4	2	1	0	#	2125341	0	-1	0	737	7	2	1	2	5	3	4	1	455	1775	1320	0	0	3	2	1	2	5	3	4	1	2	2	2	2	2	2	2	1195	1330	1535	1720	2135	2290	2395	2008.125	1874.25	0	-1	5730	-1	-1	0	0	0
47	16	4	2	0	0	%	5124134	0	-1	0	834	3	5	1	2	4	1	3	4	860	2650	1790	0	0	1	5	1	2	4	1	3	4	2	2	2	2	2	2	2	1695	1945	2190	2455	2710	2955	3360	2008.125	1874.25	0	-1	6700	-1	-1	0	0	0
47	17	4	2	1	1	#	2125341	0	4	2	686	7	2	1	2	5	2	4	1	580	2395	1815	0	0	1	2	1	2	5	2	4	1	2	2	2	2	2	2	2	1270	1440	1710	1870	2455	2815	2960	2008.125	1874.25	0	-1	6300	-1	-1	0	0	0
47	18	4	2	0	0	%	4215232	0	-1	0	615	7	4	2	1	5	2	3	2	815	2690	1875	0	0	1	4	2	1	5	2	3	2	2	2	2	2	2	2	2	1430	1630	2015	2390	2755	3015	3195	2008.125	1874.25	0	-1	6520	-1	-1	0	0	0
47	19	4	2	1	0	$	3412151	0	-1	0	605	1	3	4	1	2	1	5	1	615	3670	3055	0	0	1	3	4	1	2	1	5	1	2	2	2	2	2	2	2	1220	1710	2205	2745	3255	3710	4170	2008.125	1874.25	0	-1	7490	-1	-1	0	0	0
47	20	4	2	1	1	#	2125341	0	3	4	688	1	2	1	2	4	3	4	1	455	1940	1485	1	0	0	2	1	2	5	3	4	1	2	2	2	2	2	2	2	1145	1490	1780	2025	2190	2395	2480	2008.125	1874.25	0	-1	5845	-1	-1	0	0	0
47	21	4	2	1	0	$	3412151	0	-1	0	822	3	3	4	1	2	1	5	1	1010	2295	1285	0	0	1	3	4	1	2	1	5	1	2	2	2	2	2	2	2	1835	2005	2205	2385	2810	2915	3035	2008.125	1874.25	0	-1	6335	-1	-1	0	0	0
47	22	4	2	1	0	#	2125341	0	-1	0	933	1	2	1	2	5	3	4	1	530	2560	2030	0	0	1	2	1	2	5	3	4	1	2	2	2	2	2	2	2	1465	1785	2210	2620	3035	3185	3405	2008.125	1874.25	0	-1	6710	-1	-1	0	0	0
47	23	4	2	1	1	$	3412151	0	2	3	681	1	3	4	3	2	1	5	1	660	3535	2875	0	0	1	3	4	3	2	1	5	1	2	2	2	2	2	2	2	1345	1810	2450	2950	3400	3840	4095	2008.125	1874.25	0	-1	7435	-1	-1	0	0	0
47	24	4	2	1	0	#	2125341	0	-1	0	616	2	2	1	2	5	3	4	1	630	2050	1420	0	0	1	2	1	2	5	3	4	1	2	2	2	2	2	2	2	1250	1490	1775	2025	2290	2445	2555	2008.125	1874.25	0	-1	5885	-1	-1	0	0	0
48	1	4	2	1	0	$	3412151	1	-1	0	683	1	3	4	1	2	1	5	1	580	1550	970	0	0	3	3	4	1	2	1	5	1	2	2	2	2	2	2	2	1265	1400	1575	1645	1935	2045	2160	2008.125	1874.25	0	-1	5450	-1	-1	0	0	0
48	2	4	2	0	0	%	2141513	0	-1	0	982	7	2	1	4	1	5	1	3	740	3080	2340	0	0	1	2	1	4	1	5	1	3	2	2	2	2	2	2	2	1725	1865	2445	2685	3395	3595	3945	2008.125	1874.25	0	-1	7280	-1	-1	0	0	0
48	3	4	2	1	0	$	3412151	1	-1	0	891	3	3	4	1	2	1	5	1	655	1555	900	0	0	3	3	4	1	2	1	5	1	2	2	2	2	2	2	2	1550	1690	1805	1900	2110	2210	2335	2008.125	1874.25	0	-1	5665	-1	-1	0	0	0
48	4	4	2	1	0	#	2125341	0	-1	0	892	3	2	1	2	5	3	4	1	460	1465	1005	0	0	3	2	1	2	5	3	4	1	2	2	2	2	2	2	2	1355	1495	1680	1840	2000	2130	2240	2008.125	1874.25	0	-1	5575	-1	-1	0	0	0
48	5	4	2	0	0	%	5124134	0	-1	0	834	3	5	1	2	4	1	3	4	640	2960	2320	0	0	1	5	1	2	4	1	3	4	2	2	2	2	2	2	2	1475	2005	2300	2835	3135	3410	3690	2008.125	1874.25	0	-1	7010	-1	-1	0	0	0
48	6	4	2	1	0	#	2125341	0	-1	0	933	1	2	1	2	5	3	4	1	410	1775	1365	0	0	3	2	1	2	5	3	4	1	2	2	2	2	2	2	2	1345	1520	1845	1985	2375	2510	2615	2008.125	1874.25	0	-1	5925	-1	-1	0	0	0
48	7	4	2	1	0	#	2125341	0	-1	0	892	3	2	1	2	5	3	4	1	570	1675	1105	0	0	3	2	1	2	5	3	4	1	2	2	2	2	2	2	2	1465	1610	1875	2075	2265	2360	2470	2008.125	1874.25	0	-1	5785	-1	-1	0	0	0
48	8	4	2	1	0	#	2125341	1	-1	0	620	7	2	1	2	5	3	4	1	545	1395	850	0	0	3	2	1	2	5	3	4	1	2	2	2	2	2	2	2	1165	1295	1415	1540	1675	1805	1910	2008.125	1874.25	0	-1	5230	-1	-1	0	0	0
48	9	4	2	1	0	#	2125341	1	-1	0	620	7	2	1	2	5	3	4	1	420	1875	1455	1	0	0	2	2	5	3	4	1	1	2	2	2	2	2	2	2	1040	1310	1440	1605	1720	1850	2360	2008.125	1874.25	0	-1	5710	-1	-1	0	0	0
48	10	4	2	1	0	#	2125341	0	-1	0	933	1	2	1	2	5	3	4	1	525	2395	1870	0	0	1	2	1	2	5	3	4	1	2	2	2	2	2	2	2	1460	1710	2070	2555	2920	3060	3200	2008.125	1874.25	0	-1	6545	-1	-1	0	0	0
48	11	4	2	0	0	%	5424315	0	-1	0	650	2	5	4	2	4	3	1	5	775	2605	1830	0	0	1	5	4	2	4	3	1	5	2	2	2	2	2	2	2	1425	1730	2025	2365	2615	2820	3140	2008.125	1874.25	0	-1	6470	-1	-1	0	0	0
48	12	4	2	1	0	$	3412151	0	-1	0	738	2	3	4	1	2	1	5	1	485	1615	1130	0	0	3	3	4	1	2	1	5	1	2	2	2	2	2	2	2	1225	1390	1610	1805	2030	2140	2255	2008.125	1874.25	0	-1	5570	-1	-1	0	0	0
48	13	4	2	1	0	$	3412151	1	-1	0	829	7	3	4	1	2	1	5	1	620	1685	1065	0	0	3	3	4	1	2	1	5	1	2	2	2	2	2	2	2	1450	1610	1760	1900	2160	2255	2400	2008.125	1874.25	0	-1	5730	-1	-1	0	0	0
48	14	4	2	1	1	#	2125341	0	3	1	793	3	2	1	2	1	3	4	1	530	2795	2265	0	0	1	2	1	2	1	3	4	1	2	2	2	2	2	2	2	1325	1460	1655	2400	3140	3305	3480	2008.125	1874.25	0	-1	6805	-1	-1	0	0	0
48	15	4	2	1	0	#	2125341	1	-1	0	866	1	2	1	2	5	3	4	1	440	1330	890	0	0	3	2	1	2	5	3	4	1	2	2	2	2	2	2	2	1310	1435	1600	1725	1865	2000	2095	2008.125	1874.25	0	-1	5415	-1	-1	0	0	0
48	16	4	2	1	0	#	2125341	1	-1	0	663	2	2	1	2	5	3	4	1	575	1490	915	0	0	3	2	1	2	5	3	4	1	2	2	2	2	2	2	2	1240	1380	1500	1645	1785	1920	2030	2008.125	1874.25	0	-1	5370	-1	-1	0	0	0
48	17	4	2	1	0	#	2125341	1	-1	0	866	1	2	1	2	5	3	4	1	455	1955	1500	1	0	0	2	2	1	3	2	5	1	2	2	2	2	2	2	2	1325	1615	2090	2425	2505	2550	2560	2008.125	1874.25	0	-1	6040	-1	-1	0	0	0
48	18	4	2	0	0	%	4215232	0	-1	0	615	7	4	2	1	5	2	3	2	840	2660	1820	0	0	1	4	2	1	5	2	3	2	2	2	2	2	2	2	2	1455	1665	1935	2200	2685	2960	3160	2008.125	1874.25	0	-1	6490	-1	-1	0	0	0
48	19	4	2	1	0	#	2125341	0	-1	0	737	7	2	1	2	5	3	4	1	595	1705	1110	0	0	3	2	1	2	5	3	4	1	2	2	2	2	2	2	2	1335	1495	1690	1940	2135	2255	2350	2008.125	1874.25	0	-1	5660	-1	-1	0	0	0
48	20	4	2	1	1	$	3412151	0	4	3	824	2	3	4	1	2	3	5	1	705	2560	1855	0	0	1	3	4	1	2	3	5	1	2	2	2	2	2	2	2	1530	1685	2100	2295	2815	3045	3275	2008.125	1874.25	0	-1	6600	-1	-1	0	0	0
48	21	4	2	1	0	$	3412151	0	-1	0	622	7	3	4	1	2	1	5	1	505	1495	990	0	0	3	3	4	1	2	1	5	1	2	2	2	2	2	2	2	1130	1275	1435	1545	1735	1835	1955	2008.125	1874.25	0	-1	5335	-1	-1	0	0	0
48	22	4	2	1	0	$	3412151	0	-1	0	822	3	3	4	1	2	1	5	1	560	1470	910	0	0	3	3	4	1	2	1	5	1	2	2	2	2	2	2	2	1385	1520	1670	1810	1980	2080	2200	2008.125	1874.25	0	-1	5510	-1	-1	0	0	0
48	23	4	2	1	0	$	3412151	0	-1	0	622	7	3	4	1	2	1	5	1	560	1520	960	0	0	3	3	4	1	2	1	5	1	2	2	2	2	2	2	2	1185	1340	1520	1620	1820	1920	2045	2008.125	1874.25	0	-1	5360	-1	-1	0	0	0
48	24	4	2	1	0	#	2125341	1	-1	0	866	1	2	1	2	5	3	4	1	420	1370	950	0	0	3	2	1	2	5	3	4	1	2	2	2	2	2	2	2	1290	1420	1595	1740	1860	2005	2115	2008.125	1874.25	0	-1	5455	-1	-1	0	0	0
49	1	4	2	1	1	$	3412151	0	3	5	777	2	3	4	1	5	1	5	1	780	2175	1395	0	0	1	3	4	1	5	1	5	1	2	2	2	2	2	2	2	1560	1695	2130	2315	2620	2760	2885	1727.25	1612.1	0	-1	6170	-1	-1	0	0	0
49	2	4	2	1	1	#	2125341	0	2	4	732	1	2	1	4	5	3	4	1	440	3380	2940	0	0	1	2	1	4	5	3	4	1	2	2	2	2	2	2	2	1175	1385	1965	2480	3105	3625	4025	1727.25	1612.1	0	-1	7330	-1	-1	0	0	0
49	3	4	2	1	1	$	3412151	0	3	4	926	3	3	4	1	4	1	5	1	930	2415	1485	1	0	0	3	4	1	2	1	5	1	2	2	2	2	2	2	2	1860	1995	2140	2360	3030	3125	3245	1727.25	1612.1	0	-1	6560	-1	-1	0	0	0
49	4	4	2	1	1	#	2125341	0	3	4	629	2	2	1	2	4	3	4	1	505	2085	1580	1	0	0	2	1	2	4	3	4	3	2	2	2	2	2	2	2	1135	1310	1570	1955	2235	2470	2630	1727.25	1612.1	0	-1	5930	-1	-1	0	0	0
49	5	4	2	0	0	%	5453231	0	-1	0	737	1	5	4	5	3	2	3	1	590	3840	3250	0	0	1	5	4	5	3	2	3	1	2	2	2	2	2	2	2	1330	1870	2390	2930	3370	4060	4480	1727.25	1612.1	0	-1	7795	-1	-1	0	0	0
49	6	4	2	1	1	#	2125341	0	2	3	851	3	2	1	3	5	3	4	1	585	1995	1410	0	0	1	2	1	3	5	3	4	1	2	2	2	2	2	2	2	1440	1585	1925	2150	2330	2575	2725	1727.25	1612.1	0	-1	6065	-1	-1	0	0	0
49	7	4	2	1	0	$	3412151	0	-1	0	605	1	3	4	1	2	1	5	1	590	3970	3380	0	0	1	3	4	1	2	1	5	1	2	2	2	2	2	2	2	1195	1840	2375	2860	3415	3975	4445	1727.25	1612.1	0	-1	7790	-1	-1	0	0	0
49	8	4	2	1	1	#	2125341	0	4	2	645	1	2	1	2	5	2	4	1	450	3580	3130	1	0	0	2	1	2	5	3	4	1	2	2	2	2	2	2	2	1095	1580	2130	2535	2815	3875	4095	1727.25	1612.1	0	-1	7440	-1	-1	0	0	0
49	9	4	2	1	1	#	2125341	0	2	4	925	2	2	1	4	5	3	4	1	465	2335	1870	0	0	1	2	1	4	5	3	4	1	2	2	2	2	2	2	2	1390	1645	2015	2320	2660	2960	3145	1727.25	1612.1	0	-1	6475	-1	-1	0	0	0
49	10	4	2	1	1	$	3412151	0	2	5	695	3	3	4	5	2	1	5	1	500	2655	2155	0	0	1	3	4	5	2	1	5	1	2	2	2	2	2	2	2	1195	1370	1800	2510	3000	3125	3230	1727.25	1612.1	0	-1	6565	-1	-1	0	0	0
49	11	4	2	0	0	%	5424315	0	-1	0	650	2	5	4	2	4	3	1	5	835	2580	1745	0	0	1	5	4	2	4	3	1	5	2	2	2	2	2	2	2	1485	1755	2060	2330	2605	2845	3125	1727.25	1612.1	0	-1	6445	-1	-1	0	0	0
49	12	4	2	1	1	$	3412151	0	3	4	891	1	3	4	1	4	1	5	1	935	3620	2685	0	0	1	3	4	1	4	1	5	1	2	2	2	2	2	2	2	1830	2245	2755	3325	3915	4245	4375	1727.25	1612.1	0	-1	7730	-1	-1	0	0	0
49	13	4	2	1	0	$	3412151	1	-1	0	829	7	3	4	1	2	1	5	1	470	1375	905	0	0	3	3	4	1	2	1	5	1	2	2	2	2	2	2	2	1300	1430	1580	1705	1910	1980	2110	1727.25	1612.1	0	-1	5420	-1	-1	0	0	0
49	14	4	2	1	0	#	2125341	1	-1	0	883	3	2	1	2	5	3	4	1	555	1635	1080	0	0	2	2	1	2	5	3	4	1	2	2	2	2	2	2	2	1440	1585	1730	1865	2110	2290	2405	1727.25	1612.1	0	-1	5735	-1	-1	0	0	0
49	15	4	2	0	0	%	4215232	0	-1	0	615	7	4	2	1	5	2	3	2	720	2465	1745	0	0	1	4	2	1	5	2	3	2	2	2	2	2	2	2	2	1335	1565	1830	2060	2355	2690	2965	1727.25	1612.1	0	-1	6295	-1	-1	0	0	0
49	16	4	2	1	0	#	2125341	0	-1	0	892	3	2	1	2	5	3	4	1	465	1655	1190	0	0	2	2	1	2	5	3	4	1	2	2	2	2	2	2	2	1360	1570	1775	1945	2140	2335	2430	1727.25	1612.1	0	-1	5765	-1	-1	0	0	0
49	17	4	2	0	0	%	2532421	0	-1	0	904	2	2	5	3	2	4	2	1	625	2420	1795	0	0	1	2	5	3	2	4	2	1	2	2	2	2	2	2	2	1530	1840	2115	2395	2715	2915	3205	1727.25	1612.1	0	-1	6540	-1	-1	0	0	0
49	18	4	2	1	0	$	3412151	0	-1	0	622	7	3	4	1	2	1	5	1	765	2255	1490	0	0	1	3	4	1	2	1	5	1	2	2	2	2	2	2	2	1390	1535	1695	2225	2525	2645	2775	1727.25	1612.1	0	-1	6095	-1	-1	0	0	0
49	19	4	2	0	0	%	2141513	0	-1	0	982	7	2	1	4	1	5	1	3	905	2855	1950	0	0	1	2	1	4	1	5	1	3	2	2	2	2	2	2	2	1890	2035	2470	2720	3240	3540	3735	1727.25	1612.1	0	-1	7055	-1	-1	0	0	0
49	20	4	2	0	0	%	5352431	0	-1	0	931	1	5	3	5	2	4	3	1	650	3580	2930	0	0	1	5	3	5	2	4	3	1	2	2	2	2	2	2	2	1585	2005	2450	2895	3515	3975	4410	1727.25	1612.1	0	-1	7730	-1	-1	0	0	0
49	21	4	2	1	0	#	2125341	0	-1	0	737	7	2	1	2	5	3	4	1	475	1450	975	0	0	3	2	1	2	5	3	4	1	2	2	2	2	2	2	2	1215	1380	1570	1705	1830	1965	2065	1727.25	1612.1	0	-1	5405	-1	-1	0	0	0
49	22	4	2	1	1	$	3412151	0	4	4	991	1	3	4	1	2	4	5	1	630	3440	2810	0	0	1	3	4	1	2	4	5	1	2	2	2	2	2	2	2	1625	1865	2320	2665	3340	3890	4310	1727.25	1612.1	0	-1	7650	-1	-1	0	0	0
49	23	4	2	0	0	%	5415232	0	-1	0	774	3	5	4	1	5	2	3	2	850	2990	2140	0	0	1	5	4	1	5	2	3	2	2	2	2	2	2	2	2	1625	1955	2230	2615	3020	3345	3635	1727.25	1612.1	0	-1	6980	-1	-1	0	0	0
49	24	4	2	1	1	#	2125341	0	4	2	780	2	2	1	2	5	2	4	1	410	2465	2055	0	0	1	2	1	2	5	2	4	1	2	2	2	2	2	2	2	1190	1445	1755	2005	2605	2955	3110	1727.25	1612.1	0	-1	6460	-1	-1	0	0	0
